8.916686248779296875e+01
8.536808776855468750e+01
8.278491210937500000e+01
8.601387023925781250e+01
8.444688415527343750e+01
8.590941619873046875e+01
8.428542327880859375e+01
8.438040161132812500e+01
8.176874542236328125e+01
8.268045043945312500e+01
8.366812896728515625e+01
8.386756134033203125e+01
8.325975799560546875e+01
8.385807037353515625e+01
8.432341766357421875e+01
8.155980682373046875e+01
8.083805084228515625e+01
8.067658233642578125e+01
8.129389190673828125e+01
8.438040161132812500e+01
8.348769378662109375e+01
8.382007598876953125e+01
8.632727813720703125e+01
8.702054595947265625e+01
8.969869232177734375e+01
9.094279479980467329e+01
9.287068176269532671e+01
9.466560363769532671e+01
9.336451721191406250e+01
9.376338958740234375e+01
9.363992309570312500e+01
9.667895507812500000e+01
1.007341537475585938e+02
1.032033538818359375e+02
1.059574737548827983e+02
1.087970581054687642e+02
1.131561584472656250e+02
1.087780609130859375e+02
1.122539443969726562e+02
1.090629730224609375e+02
1.093098983764648438e+02
1.085026626586914062e+02
1.052357025146484375e+02
1.033458099365234375e+02
1.042955017089843750e+02
1.051597290039062358e+02
1.081892547607422017e+02
1.077619018554687642e+02
1.070021438598632812e+02
1.060239486694335938e+02
1.006581726074218750e+02
1.043619918823242188e+02
1.050742568969726562e+02
1.036781997680664062e+02
1.024720916748046733e+02
9.978445434570312500e+01
1.020732269287109375e+02
9.865431976318359375e+01
9.968949127197265625e+01
9.982244110107421875e+01
9.943306732177734375e+01
1.004492416381835938e+02
1.035357437133789062e+02
1.037541732788085938e+02
1.050837554931640625e+02
1.032983245849609375e+02
1.002118148803710938e+02
1.006201858520507812e+02
1.006201858520507812e+02
1.006486816406250000e+02
1.004302520751953267e+02
9.871129608154295454e+01
9.838839721679687500e+01
9.591919708251951704e+01
9.812248229980467329e+01
9.699234771728515625e+01
9.974646759033204546e+01
9.783757781982421875e+01
9.650801086425779829e+01
9.570075988769532671e+01
9.457063293457032671e+01
9.146512603759765625e+01
9.201595306396484375e+01
9.500749206542967329e+01
9.809399414062500000e+01
9.876828002929687500e+01
9.792304992675779829e+01
9.875878143310548296e+01
9.776161193847656250e+01
9.349746704101562500e+01
8.529210662841796875e+01
8.459883117675781250e+01
8.559600830078125000e+01
8.605186462402343750e+01
8.547254943847656250e+01
8.262346649169921875e+01
8.136986541748046875e+01
8.167377471923828125e+01
8.287038421630859375e+01
8.167377471923828125e+01
8.271843719482421875e+01
8.457034301757812500e+01
8.248101043701171875e+01
8.237654113769531250e+01
8.251899719238281250e+01
8.228157806396484375e+01
8.117043304443359375e+01
8.042967224121093750e+01
8.185420989990234375e+01
8.107546997070312500e+01
8.083805084228515625e+01
7.977438354492187500e+01
7.747611236572265625e+01
8.118942260742187500e+01
8.176874542236328125e+01
8.015425109863281250e+01
7.837833404541015625e+01
7.879619598388671875e+01
7.786549377441406250e+01
7.779901123046875000e+01
7.774202728271484375e+01
7.977438354492187500e+01
8.024922180175781250e+01
8.033470153808593750e+01
8.142684936523437500e+01
8.091400909423828125e+01
8.001180267333984375e+01
7.942298889160156250e+01
7.953695678710937500e+01
7.993582153320312500e+01
8.032520294189453125e+01
7.967941284179687500e+01
7.905261230468750000e+01
7.821688079833984375e+01
7.814090728759765625e+01
7.770404815673828125e+01
7.807442474365234375e+01
8.109445953369140625e+01
8.180673217773437500e+01
8.032520294189453125e+01
8.004029846191406250e+01
8.072407531738281250e+01
8.041067504882812500e+01
7.983135986328125000e+01
7.778002166748046875e+01
7.806492614746093750e+01
7.827386474609375000e+01
7.792247772216796875e+01
7.814090728759765625e+01
8.031571197509765625e+01
8.062910461425781250e+01
8.080005645751953125e+01
7.830235290527343750e+01
7.720070648193359375e+01
7.708673858642578125e+01
7.653591156005859375e+01
7.553874206542968750e+01
7.597560119628906250e+01
8.167377471923828125e+01
8.268045043945312500e+01
8.235755157470703125e+01
8.240502929687500000e+01
8.312680816650390625e+01
8.395304107666015625e+01
8.401002502441406250e+01
8.272793579101562500e+01
8.377259826660156250e+01
8.613733673095703125e+01
8.915736389160156250e+01
8.857804870605468750e+01
8.786578369140625000e+01
8.794175720214843750e+01
8.637476348876953125e+01
8.482675933837890625e+01
8.621331024169921875e+01
8.595689392089843750e+01
8.622280883789062500e+01
8.603286743164062500e+01
8.614683532714843750e+01
8.384857177734375000e+01
8.317429351806640625e+01
8.442789459228515625e+01
8.282289886474609375e+01
8.227207946777343750e+01
8.178774261474609375e+01
8.175923919677734375e+01
8.243353271484375000e+01
8.238603973388671875e+01
8.142684936523437500e+01
8.136986541748046875e+01
8.080005645751953125e+01
8.088552093505859375e+01
8.095200347900390625e+01
7.909060668945312500e+01
7.699177551269531250e+01
7.813140869140625000e+01
7.831185150146484375e+01
7.794146728515625000e+01
7.619403076171875000e+01
7.561472320556640625e+01
7.401923370361328125e+01
7.506388854980468750e+01
7.626051330566406250e+01
7.774202728271484375e+01
7.740014648437500000e+01
7.666888427734375000e+01
7.742863464355468750e+01
7.916657257080078125e+01
7.851128387451171875e+01
7.838782501220703125e+01
7.991683197021484375e+01
7.966040802001953125e+01
7.884368133544921875e+01
7.730517578125000000e+01
7.650743103027343750e+01
7.622252655029296875e+01
7.593761444091796875e+01
7.439910125732421875e+01
7.406671905517578125e+01
7.490245056152343750e+01
7.580464935302734375e+01
7.498791503906250000e+01
7.485495758056640625e+01
7.642195892333984375e+01
7.344940948486328125e+01
6.968862152099609375e+01
7.133159637451171875e+01
7.099919891357421875e+01
7.140756988525390625e+01
7.016346740722656250e+01
6.944171142578125000e+01
6.678256225585937500e+01
6.475020599365234375e+01
6.248993682861328125e+01
6.512058258056640625e+01
6.520606231689453125e+01
6.727639770507812500e+01
6.654512786865234375e+01
6.279383850097656250e+01
6.156872940063476562e+01
6.224301147460937500e+01
6.312622451782226562e+01
6.069500732421875000e+01
5.784592056274414062e+01
6.081847000122070312e+01
6.061903381347656250e+01
6.137878417968750000e+01
5.945090866088867188e+01
6.158771896362304688e+01
6.384799575805664062e+01
6.267986679077149148e+01
6.244244766235352273e+01
6.068551254272460938e+01
5.878612136840820312e+01
5.698170089721679688e+01
5.690572357177734375e+01
5.625993347167968750e+01
5.450299453735352273e+01
5.491136550903320312e+01
5.600351333618164062e+01
5.590854644775391336e+01
6.002072525024414062e+01
6.071400070190429688e+01
6.070450210571289062e+01
6.294578933715820312e+01
6.429434967041015625e+01
6.525354766845703125e+01
6.676356506347656250e+01
6.617474365234375000e+01
6.509209442138671875e+01
6.816910552978515625e+01
6.836853790283203125e+01
6.899534606933593750e+01
6.817860412597656250e+01
6.598480987548828125e+01
6.741884613037109375e+01
7.181594085693359375e+01
7.250921630859375000e+01
7.544377899169921875e+01
7.820737457275390625e+01
7.808392333984375000e+01
7.961293792724609375e+01
8.010677337646484375e+01
7.924254608154296875e+01
8.110395812988281250e+01
8.108496093750000000e+01
7.940400695800781250e+01
7.728617858886718750e+01
7.733366394042968750e+01
7.583314514160156250e+01
7.479798126220703125e+01
7.203436279296875000e+01
7.436112213134765625e+01
7.419966888427734375e+01
7.378180694580078125e+01
7.395275115966796875e+01
7.592811584472656250e+01
7.721970367431640625e+01
7.679233551025390625e+01
7.759957885742187500e+01
7.728617858886718750e+01
7.985036468505859375e+01
7.977438354492187500e+01
8.072407531738281250e+01
7.843531036376953125e+01
8.058161926269531250e+01
8.049614715576171875e+01
8.013526153564453125e+01
7.922355651855468750e+01
8.008778381347656250e+01
7.572867584228515625e+01
7.651692199707031250e+01
7.834033966064453125e+01
8.037268829345703125e+01
7.935651397705078125e+01
7.849229431152343750e+01
7.870122528076171875e+01
8.057212066650390625e+01
8.053414154052734375e+01
7.949897003173828125e+01
7.800794982910156250e+01
7.907160949707031250e+01
7.757108306884765625e+01
7.718170928955078125e+01
7.283211517333984375e+01
7.467451477050781250e+01
7.343991851806640625e+01
6.906182098388671875e+01
6.723841094970703125e+01
6.640267181396484375e+01
6.902383422851562500e+01
6.675406646728515625e+01
6.861546325683593750e+01
6.608927154541015625e+01
6.660210418701171875e+01
6.525354766845703125e+01
6.716242980957031250e+01
6.683003997802734375e+01
6.621273803710937500e+01
6.626022338867187500e+01
6.604179382324218750e+01
6.355358886718750000e+01
6.365806198120117188e+01
6.365806198120117188e+01
6.181563949584960938e+01
6.024864959716796875e+01
6.159722137451171875e+01
5.948889541625976562e+01
5.802636337280273438e+01
5.830177307128906250e+01
5.867215347290039062e+01
5.752302932739257812e+01
5.782692718505859375e+01
6.295528030395507812e+01
6.304075622558593750e+01
6.317370986938476562e+01
6.389548110961914062e+01
6.537699890136718750e+01
6.360107803344727273e+01
6.384799575805664062e+01
6.330667114257812500e+01
6.354409790039063211e+01
6.534851074218750000e+01
6.729538726806640625e+01
6.766577148437500000e+01
6.744734191894531250e+01
6.858697509765625000e+01
6.922326660156250000e+01
6.749482727050781250e+01
6.878640747070312500e+01
6.834954833984375000e+01
7.028692626953125000e+01
6.966013336181640625e+01
6.859647369384765625e+01
6.980258178710937500e+01
7.051485443115234375e+01
7.241424560546875000e+01
7.418067932128906250e+01
7.424715423583984375e+01
7.270864868164062500e+01
7.204386901855468750e+01
7.263267517089843750e+01
7.415218353271484375e+01
7.489294433593750000e+01
7.505439758300781250e+01
7.476949310302734375e+01
7.510188293457031250e+01
7.343041992187500000e+01
7.472200775146484375e+01
7.370582580566406250e+01
7.357287597656250000e+01
7.380079650878906250e+01
7.394325256347656250e+01
7.563371276855468750e+01
7.560521697998046875e+01
7.499742126464843750e+01
7.503540802001953125e+01
7.546276855468750000e+01
7.712472534179687500e+01
7.671636199951171875e+01
7.587113189697265625e+01
7.487394714355468750e+01
7.465552520751953125e+01
7.374382019042968750e+01
7.255670166015625000e+01
7.306953430175781250e+01
7.275613403320312500e+01
7.209135437011718750e+01
7.200587463378906250e+01
7.486445617675781250e+01
7.521584320068359375e+01
7.541528320312500000e+01
7.570968627929687500e+01
7.578565979003906250e+01
7.517786407470703125e+01
7.327847290039062500e+01
7.530131530761718750e+01
7.535829162597656250e+01
7.505439758300781250e+01
7.438011169433593750e+01
7.482646942138671875e+01
7.502590942382812500e+01
7.703926086425781250e+01
7.178743743896484375e+01
7.440859985351562500e+01
7.689681243896484375e+01
7.787499237060546875e+01
7.283211517333984375e+01
7.341142272949218750e+01
7.276564025878906250e+01
7.413318634033203125e+01
7.392425537109375000e+01
7.373432159423828125e+01
7.365834045410156250e+01
7.210085296630859375e+01
7.165448760986328125e+01
7.385777282714843750e+01
7.444658660888671875e+01
7.433262634277343750e+01
7.312651062011718750e+01
7.421867370605468750e+01
7.466502380371093750e+01
7.476949310302734375e+01
7.515885925292968750e+01
7.245223236083984375e+01
7.049586486816406250e+01
7.244273376464843750e+01
7.411419677734375000e+01
7.552924346923828125e+01
7.564321136474609375e+01
7.499742126464843750e+01
7.468402099609375000e+01
7.535829162597656250e+01
7.501641082763671875e+01
7.736215972900390625e+01
7.762806701660156250e+01
7.651692199707031250e+01
7.762806701660156250e+01
7.716271972656250000e+01
7.849229431152343750e+01
7.860625457763671875e+01
8.017324829101562500e+01
7.994532775878906250e+01
8.023973083496093750e+01
7.900512695312500000e+01
7.938500976562500000e+01
7.891966247558593750e+01
7.893865203857421875e+01
7.833084869384765625e+01
8.009728240966796875e+01
7.958444213867187500e+01
7.946098327636718750e+01
8.048665618896484375e+01
8.033470153808593750e+01
8.072407531738281250e+01
8.095200347900390625e+01
8.293686676025390625e+01
8.715351104736328125e+01
9.330753326416015625e+01
9.228186035156250000e+01
9.179751586914062500e+01
9.212041473388671875e+01
9.212041473388671875e+01
9.198746490478515625e+01
9.083832550048828125e+01
9.097129058837890625e+01
8.915736389160156250e+01
8.921434783935546875e+01
9.027800750732421875e+01
9.010705566406250000e+01
9.117072296142578125e+01
9.230085754394532671e+01
9.251927947998048296e+01
9.425722503662109375e+01
9.855935668945312500e+01
9.717279052734376421e+01
9.741020965576171875e+01
9.460861968994140625e+01
9.572926330566406250e+01
9.523541259765623579e+01
9.724877166748048296e+01
9.919564056396484375e+01
9.937608337402343750e+01
9.784706878662109375e+01
9.626108551025390625e+01
1.006676712036132812e+02
1.038586502075195170e+02
1.022916488647460938e+02
1.005632019042968750e+02
1.028139877319335938e+02
1.032793350219726562e+02
1.002403106689453267e+02
1.004682388305664062e+02
1.000788574218750000e+02
1.001453323364257812e+02
1.015793762207031250e+02
1.016933441162109375e+02
1.006676712036132812e+02
1.029564361572265625e+02
9.993641662597656250e+01
9.840740203857421875e+01
9.701134490966795454e+01
9.672643280029295454e+01
9.766663360595704546e+01
9.814147949218750000e+01
9.870180511474609375e+01
9.862582397460937500e+01
9.871129608154295454e+01
9.924313354492187500e+01
9.897721862792967329e+01
9.760964965820312500e+01
9.722977447509765625e+01
9.680241394042967329e+01
9.657448577880859375e+01
9.606165313720704546e+01
9.355445861816406250e+01
9.283268737792967329e+01
9.266174316406250000e+01
9.435219573974609375e+01
9.482704162597656250e+01
9.180701446533204546e+01
8.959422302246093750e+01
8.831214141845703125e+01
8.525411224365234375e+01
8.642224884033203125e+01
8.818867492675781250e+01
8.933781433105468750e+01
8.869200897216796875e+01
8.871101379394531250e+01
8.852107238769531250e+01
8.835012817382812500e+01
8.833113861083984375e+01
8.904340362548828125e+01
9.021153259277343750e+01
8.929032135009765625e+01
8.533959960937500000e+01
8.592841339111328125e+01
8.641275024414062500e+01
8.585243225097656250e+01
8.648872375488281250e+01
8.766633605957031250e+01
8.858755493164062500e+01
8.781829833984375000e+01
8.752389526367187500e+01
8.660269165039062500e+01
8.438040161132812500e+01
8.420945739746093750e+01
8.445638275146484375e+01
8.532059478759765625e+01
8.476027679443359375e+01
8.243353271484375000e+01
8.242402648925781250e+01
8.313629913330078125e+01
8.297486114501953125e+01
8.293686676025390625e+01
8.339271545410156250e+01
8.414297485351562500e+01
8.595689392089843750e+01
8.962271881103515625e+01
8.916686248779296875e+01
8.995510864257812500e+01
9.188299560546876421e+01
9.206343078613279829e+01
9.107575225830078125e+01
9.142713165283204546e+01
9.128469085693359375e+01
9.117072296142578125e+01
9.133216094970704546e+01
9.122769927978515625e+01
9.345949554443359375e+01
9.632756805419921875e+01
9.882525634765623579e+01
9.758116149902343750e+01
9.693537139892578125e+01
9.593818664550779829e+01
9.621360015869140625e+01
9.646052551269532671e+01
9.576724243164062500e+01
9.533988189697265625e+01
9.582423400878906250e+01
9.575774383544921875e+01
9.835990905761720171e+01
9.814147949218750000e+01
9.721077728271484375e+01
9.791355133056640625e+01
9.647951507568359375e+01
9.644153594970704546e+01
9.574825286865234375e+01
9.546333312988279829e+01
9.698285675048828125e+01
9.895821380615234375e+01
9.730574798583984375e+01
9.777110290527343750e+01
9.838839721679687500e+01
9.772362518310548296e+01
9.880626678466795454e+01
9.799903106689451704e+01
9.811299133300779829e+01
9.716329193115234375e+01
9.746719360351562500e+01
9.802751922607421875e+01
9.804650878906250000e+01
9.818897247314451704e+01
9.988892364501951704e+01
9.900570678710937500e+01
9.847387695312500000e+01
1.003162765502929545e+02
1.002972869873046733e+02
1.018547897338867188e+02
9.980344390869140625e+01
1.007531356811523438e+02
1.028044815063476562e+02
1.026050491333007812e+02
1.026430435180664062e+02
1.023771209716796733e+02
1.040010986328125000e+02
1.033743057250976562e+02
1.024056167602539062e+02
1.026525344848632812e+02
1.021112060546875000e+02
1.020352325439453267e+02
1.026050491333007812e+02
1.035072631835937642e+02
1.060809326171875000e+02
1.048843154907226562e+02
1.050647583007812358e+02
1.046658782958984375e+02
1.061379165649414062e+02
1.056345748901367188e+02
1.051882171630859375e+02
1.072775497436523438e+02
1.074200057983398438e+02
1.090819702148437642e+02
1.096707839965820455e+02
1.091864395141601562e+02
1.096232986450195170e+02
1.096897735595703267e+02
1.108104171752929545e+02
1.121494750976562358e+02
1.107059402465820455e+02
1.100316619873046733e+02
1.102026062011718750e+02
1.109813613891601562e+02
1.139634017944335938e+02
1.139444046020507812e+02
1.141153564453125000e+02
1.142863006591796733e+02
1.152929763793945170e+02
1.177811737060546733e+02
1.146471786499023438e+02
1.151695098876953267e+02
1.170214157104492188e+02
1.184744491577148438e+02
1.167460174560546733e+02
1.166320419311523438e+02
1.174107971191406250e+02
1.177526779174804830e+02
1.176767196655273438e+02
1.162996520996093750e+02
1.177336807250976562e+02
1.178856353759765625e+02
1.190632629394531250e+02
1.183509902954101562e+02
1.193196792602539062e+02
1.351795806884765625e+02
1.324254760742187500e+02
1.320835876464843750e+02
1.297283477783203125e+02
1.297948150634765625e+02
1.282848052978515625e+02
1.280853424072265625e+02
1.324539642333984375e+02
1.314187927246093750e+02
1.360817871093750000e+02
1.351131134033203125e+02
1.358158721923828125e+02
1.355499725341796875e+02
1.344103240966796875e+02
1.367086029052734375e+02
1.337265625000000000e+02
1.338120269775390625e+02
1.338974914550781250e+02
1.375823211669921875e+02
1.350466461181640625e+02
1.352650604248046875e+02
1.365756378173828125e+02
1.384750213623046875e+02
1.415045471191406250e+02
1.419983978271484375e+02
1.441921844482421875e+02
1.436223754882812500e+02
1.460155944824218750e+02
1.454458007812500000e+02
1.444581146240234375e+02
1.442491760253906250e+02
1.446005554199218750e+02
1.447714996337890625e+02
1.479529724121093750e+02
1.463954772949218750e+02
1.496339263916015625e+02
1.471552429199218750e+02
1.469462890625000000e+02
1.442681732177734375e+02
1.456072540283203125e+02
1.456167297363281250e+02
1.508495635986328125e+02
1.495769653320312500e+02
1.495674743652343750e+02
1.441352081298828125e+02
1.440687255859375000e+02
1.468323516845703125e+02
1.498143920898437500e+02
1.514763641357421875e+02
1.556739959716796875e+02
1.590739135742187500e+02
1.607358703613281250e+02
1.656837921142578125e+02
1.669563903808593750e+02
1.661966247558593750e+02
1.631006317138671875e+02
1.598336639404296875e+02
1.589884490966796875e+02
1.626352691650390625e+02
1.631006317138671875e+02
1.624358215332031250e+02
1.613721771240234375e+02
1.596817169189453125e+02
1.619040069580078125e+02
1.604984436035156250e+02
1.653039093017578125e+02
1.664910278320312500e+02
1.699669189453125000e+02
1.681909790039062500e+02
1.678111114501953125e+02
1.709261169433593750e+02
1.710115814208984375e+02
1.689982147216796875e+02
1.684664001464843750e+02
1.691786651611328125e+02
1.610587768554687500e+02
1.586180725097656250e+02
1.623883666992187500e+02
1.616761016845703125e+02
1.640218200683593750e+02
1.648765563964843750e+02
1.695775299072265625e+02
1.697200164794921875e+02
1.698909301757812500e+02
1.701853485107421875e+02
1.729299621582031250e+02
1.739081420898437500e+02
1.753991699218750000e+02
1.714484405517578125e+02
1.694730834960937500e+02
1.705272369384765625e+02
1.665005493164062500e+02
1.705747222900390625e+02
1.689792327880859375e+02
1.683999328613281250e+02
1.644206848144531250e+02
1.649620208740234375e+02
1.616570892333984375e+02
1.617520599365234375e+02
1.672887725830078125e+02
1.724456176757812500e+02
1.755890960693359375e+02
1.767192535400390625e+02
1.755131378173828125e+02
1.739936370849609375e+02
1.783907012939453125e+02
1.790270080566406250e+02
1.765482940673828125e+02
1.758170471191406250e+02
1.770326385498046875e+02
1.752567291259765625e+02
1.726450500488281250e+02
1.723506622314453125e+02
1.761019287109375000e+02
1.758170471191406250e+02
1.785426635742187500e+02
1.812967681884765625e+02
1.802900848388671875e+02
1.815721893310546875e+02
1.785711517333984375e+02
1.772985687255859375e+02
1.708596191406250000e+02
1.681719970703125000e+02
1.658262634277343750e+02
1.610492858886718750e+02
1.604604644775390625e+02
1.639458465576171875e+02
1.656932830810546875e+02
1.686848144531250000e+02
1.702707977294921875e+02
1.658547363281250000e+02
1.675926818847656250e+02
1.631101226806640625e+02
1.648195800781250000e+02
1.646486206054687500e+02
1.626637725830078125e+02
1.639553375244140625e+02
1.665005493164062500e+02
1.674217224121093750e+02
1.636609497070312500e+02
1.642687377929687500e+02
1.636324615478515625e+02
1.637559051513671875e+02
1.744114837646484375e+02
1.747438812255859375e+02
1.763678741455078125e+02
1.811068420410155966e+02
1.807554473876953125e+02
1.812018127441406534e+02
1.802426147460936932e+02
1.792549285888671875e+02
1.783432159423828125e+02
1.732243652343750000e+02
1.745824279785156250e+02
1.751237487792968750e+02
1.747913818359375000e+02
1.747628936767578125e+02
1.826073455810546875e+02
1.856938629150390341e+02
1.883530120849609091e+02
1.948964080810546875e+02
1.927975769042968750e+02
1.896161041259765625e+02
1.940131835937500000e+02
1.825503845214844034e+02
1.778873748779296875e+02
1.714484405517578125e+02
1.758550262451171875e+02
1.712300109863281250e+02
1.649620208740234375e+02
1.677826232910156250e+02
1.685138854980468750e+02
1.702328186035156250e+02
1.773650360107421875e+02
1.780203247070312500e+02
1.744399566650390625e+02
1.777734069824218750e+02
1.793214111328125000e+02
1.792549285888671875e+02
1.835665435791015909e+02
1.844212799072265625e+02
1.787895812988281250e+02
1.767762298583984375e+02
1.728349914550781250e+02
1.707171783447265625e+02
1.724646148681640625e+02
1.779443664550781250e+02
1.795398406982421875e+02
1.777639007568359375e+02
1.809643859863280682e+02
1.830442199707031250e+02
1.789320526123046875e+02
1.828732757568359943e+02
1.890462951660155966e+02
1.902049255371093182e+02
1.847441711425780682e+02
1.889418182373046875e+02
1.854754486083984375e+02
1.753611755371093750e+02
1.720847320556640625e+02
1.809169006347655966e+02
1.727400207519531250e+02
1.699099426269531250e+02
1.743070220947265625e+02
1.686753387451171875e+02
1.658832244873046875e+02
1.634140319824218750e+02
1.638888854980468750e+02
1.590929107666015625e+02
1.613246917724609375e+02
1.681909790039062500e+02
1.665385284423828125e+02
1.670703430175781250e+02
1.633855285644531250e+02
1.659117279052734375e+02
1.697104949951171875e+02
1.734902801513671875e+02
1.722651672363281250e+02
1.700998840332031250e+02
1.667379608154296875e+02
1.643827056884765625e+02
1.616570892333984375e+02
1.651519470214843750e+02
1.682479705810546875e+02
1.695585327148437500e+02
1.704702453613281250e+02
1.723221588134765625e+02
1.732718505859375000e+02
1.793878936767578125e+02
1.855229339599609091e+02
1.864346160888671875e+02
1.855988922119140909e+02
1.861022338867187500e+02
1.845827178955078125e+02
1.886474151611328125e+02
1.867195281982421875e+02
1.881440734863280682e+02
1.861592102050780682e+02
1.851905212402344034e+02
1.876977233886718750e+02
1.860167694091796875e+02
1.868999786376953125e+02
1.874412994384765625e+02
1.891792449951171875e+02
1.880396118164062500e+02
1.880205993652344034e+02
1.880491027832031250e+02
1.940606842041015909e+02
1.984387664794921875e+02
1.978879241943359943e+02
1.978214721679687500e+02
1.933768920898436932e+02
1.947539672851562500e+02
1.953522491455078125e+02
1.985622406005859943e+02
1.962259826660155966e+02
2.002526855468750000e+02
1.975365600585936932e+02
1.980778961181640909e+02
1.941461334228515909e+02
1.958556060791015909e+02
1.920378265380859943e+02
1.918478851318359943e+02
1.816291809082031250e+02
1.817906188964844034e+02
1.757125701904296875e+02
1.789035491943359375e+02
1.761969146728515625e+02
1.769851684570312500e+02
1.754561614990234375e+02
1.774790191650390625e+02
1.825978698730468750e+02
1.830537109375000000e+02
1.828637695312500000e+02
1.779918365478515625e+02
1.806035003662109091e+02
1.804800415039062500e+02
1.807744598388671875e+02
1.829682464599609091e+02
1.811923065185546875e+02
1.779158630371093750e+02
1.778303985595703125e+02
1.776309509277343750e+02
1.794923706054687500e+02
1.880205993652344034e+02
1.844117736816406534e+02
1.798912353515625000e+02
1.755226287841796875e+02
1.778113861083984375e+02
1.759499969482421875e+02
1.734143066406250000e+02
1.717428436279296875e+02
1.696345214843750000e+02
1.708691253662109375e+02
1.685898590087890625e+02
1.682764587402343750e+02
1.709546051025390625e+02
1.687418060302734375e+02
1.638508911132812500e+02
1.612867126464843750e+02
1.633380432128906250e+02
1.640883178710937500e+02
1.674217224121093750e+02
1.689697418212890625e+02
1.689032592773437500e+02
1.635659637451171875e+02
1.654653472900390625e+02
1.715623931884765625e+02
1.692261657714843750e+02
1.695205535888671875e+02
1.658167419433593750e+02
1.662061157226562500e+02
1.618660278320312500e+02
1.559684143066406250e+02
1.518277282714843750e+02
1.542019805908203125e+02
1.484943084716796875e+02
1.495389862060546875e+02
1.533377685546875000e+02
1.572030029296875000e+02
1.564527587890625000e+02
1.508970336914062500e+02
1.487697143554687500e+02
1.544488983154296875e+02
1.575354156494140625e+02
1.563482818603515625e+02
1.549522247314453125e+02
1.559874114990234375e+02
1.570795440673828125e+02
1.579532775878906250e+02
1.564717407226562500e+02
1.538506011962890625e+02
1.521696319580078125e+02
1.542019805908203125e+02
1.482758789062500000e+02
1.468513488769531250e+02
1.435368957519531250e+02
1.395481872558593750e+02
1.313333129882812500e+02
1.347617034912109375e+02
1.398805694580078125e+02
1.369080505371093750e+02
1.420743865966796875e+02
1.406878204345703125e+02
1.348756866455078125e+02
1.357399139404296875e+02
1.413146209716796875e+02
1.392727661132812500e+02
1.325869140625000000e+02
1.373258972167968750e+02
1.356829223632812500e+02
1.266703338623046733e+02
1.294719238281250000e+02
1.351226043701171875e+02
1.436413574218750000e+02
1.401654815673828125e+02
1.373638763427734375e+02
1.400230255126953125e+02
1.448284912109375000e+02
1.414950714111328125e+02
1.375633392333984375e+02
1.356354522705078125e+02
1.395861663818359375e+02
1.428721160888671875e+02
1.483613586425781250e+02
1.463480072021484375e+02
1.420079040527343750e+02
1.386364746093750000e+02
1.418939361572265625e+02
1.427676544189453125e+02
1.481619262695312500e+02
1.485892944335937500e+02
1.513244018554687500e+02
1.484183349609375000e+02
1.527679443359375000e+02
1.555030670166015625e+02
1.503747100830078125e+02
1.479909667968750000e+02
1.453603057861328125e+02
1.438123168945312500e+02
1.441921844482421875e+02
1.438787841796875000e+02
1.438598022460937500e+02
1.415045471191406250e+02
1.367370758056640625e+02
1.337360534667968750e+02
1.302411651611328125e+02
1.283132934570312500e+02
1.253597335815429545e+02
1.252552719116210938e+02
1.310579223632812500e+02
1.314852600097656250e+02
1.320930786132812500e+02
1.301746978759765625e+02
1.298233032226562500e+02
1.240301666259765625e+02
1.327198791503906250e+02
1.359013671875000000e+02
1.394057159423828125e+02
1.442776641845703125e+02
1.440592346191406250e+02
1.437078704833984375e+02
1.417609863281250000e+02
1.432899932861328125e+02
1.470507812500000000e+02
1.481239318847656250e+02
1.491211090087890625e+02
1.444960937500000000e+02
1.443821258544921875e+02
1.480194702148437500e+02
1.512009582519531250e+02
1.509255371093750000e+02
1.489881591796875000e+02
1.584281311035156250e+02
1.600141296386718750e+02
1.595202789306640625e+02
1.583141632080078125e+02
1.631860961914062500e+02
1.628916931152343750e+02
1.585610809326171875e+02
1.589409484863281250e+02
1.590264282226562500e+02
1.602230529785156250e+02
1.608783264160156250e+02
1.599096374511718750e+02
1.577918243408203125e+02
1.616190948486328125e+02
1.621224365234375000e+02
1.630246429443359375e+02
1.680200500488281250e+02
1.740316162109375000e+02
1.743070220947265625e+02
1.752947082519531250e+02
1.738226776123046875e+02
1.746299133300781250e+02
1.778303985595703125e+02
1.756935882568359375e+02
1.749053192138671875e+02
1.683999328613281250e+02
1.662251281738281250e+02
1.713344726562500000e+02
1.715434265136718750e+02
1.716098937988281250e+02
1.712869873046875000e+02
1.718663024902343750e+02
1.726830291748046875e+02
1.729774475097656250e+02
1.721607208251953125e+02
1.723696441650390625e+02
1.673932342529296875e+02
1.697769622802734375e+02
1.691216735839843750e+02
1.681245117187500000e+02
1.687892913818359375e+02
1.732718505859375000e+02
1.717903289794921875e+02
1.725975799560546875e+02
1.693496246337890625e+02
1.719612884521484375e+02
1.760259857177734375e+02
1.771181182861328125e+02
1.777734069824218750e+02
1.768237152099609375e+02
1.756745758056640625e+02
1.794068908691406250e+02
1.738606872558593750e+02
1.764343414306640625e+02
1.781152954101562500e+02
1.775359802246093750e+02
1.760544586181640625e+02
1.778683776855468750e+02
1.763298645019531250e+02
1.784286956787109375e+02
1.776784362792968750e+02
1.775359802246093750e+02
1.762349090576171875e+02
1.797867584228515625e+02
1.808124389648436932e+02
1.853899688720703125e+02
1.787705841064453125e+02
1.723031463623046875e+02
1.705557250976562500e+02
1.700333862304687500e+02
1.690457153320312500e+02
1.614576568603515625e+02
1.660446777343750000e+02
1.686658477783203125e+02
1.667379608154296875e+02
1.610397796630859375e+02
1.525684967041015625e+02
1.552086334228515625e+02
1.508400573730468750e+02
1.481524200439453125e+02
1.472027282714843750e+02
1.470222778320312500e+02
1.448094787597656250e+02
1.434704437255859375e+02
1.417514648437500000e+02
1.423687744140625000e+02
1.463954772949218750e+02
1.440212554931640625e+02
1.438787841796875000e+02
1.464714508056640625e+02
1.518087463378906250e+02
1.544678955078125000e+02
1.519891815185546875e+02
1.522646026611328125e+02
1.501467895507812500e+02
1.518657226562500000e+02
1.571840057373046875e+02
1.571365509033203125e+02
1.597861785888671875e+02
1.591213989257812500e+02
1.596437377929687500e+02
1.574594268798828125e+02
1.604889678955078125e+02
1.623028717041015625e+02
1.609258117675781250e+02
1.662441101074218750e+02
1.666239929199218750e+02
1.658832244873046875e+02
1.645821685791015625e+02
1.599761352539062500e+02
1.603085021972656250e+02
1.585325927734375000e+02
1.581716918945312500e+02
1.605649414062500000e+02
1.647720794677734375e+02
1.654273681640625000e+02
1.660256958007812500e+02
1.641072998046875000e+02
1.642877502441406250e+02
1.652469329833984375e+02
1.691311950683593750e+02
1.696820068359375000e+02
1.683714141845703125e+02
1.697485046386718750e+02
1.681150207519531250e+02
1.653419036865234375e+02
1.644017028808593750e+02
1.573169708251953125e+02
1.529009094238281250e+02
1.459396362304687500e+02
1.495104675292968750e+02
1.511629638671875000e+02
1.540595092773437500e+02
1.511154632568359375e+02
1.512959136962890625e+02
1.557784729003906250e+02
1.539075775146484375e+02
1.585705871582031250e+02
1.658167419433593750e+02
1.693116149902343750e+02
1.682954559326171875e+02
1.664245605468750000e+02
1.632620849609375000e+02
1.562628173828125000e+02
1.575543975830078125e+02
1.578393249511718750e+02
1.590549163818359375e+02
1.641167907714843750e+02
1.662251281738281250e+02
1.637369232177734375e+02
1.655603332519531250e+02
1.699384307861328125e+02
1.678016052246093750e+02
1.688367767333984375e+02
1.661871337890625000e+02
1.672317962646484375e+02
1.692736358642578125e+02
1.701568603515625000e+02
1.681625061035156250e+02
1.699954071044921875e+02
1.709450988769531250e+02
1.713819732666015625e+02
1.733288269042968750e+02
1.680770263671875000e+02
1.629201965332031250e+02
1.677731323242187500e+02
1.661966247558593750e+02
1.576303710937500000e+02
1.588174896240234375e+02
1.568421173095703125e+02
1.574309387207031250e+02
1.609542999267578125e+02
1.617710418701171875e+02
1.598526763916015625e+02
1.537840881347656250e+02
1.568801116943359375e+02
1.577158660888671875e+02
1.642402496337890625e+02
1.625498046875000000e+02
1.664720306396484375e+02
1.682099761962890625e+02
1.679535675048828125e+02
1.606219177246093750e+02
1.647910766601562500e+02
1.613436889648437500e+02
1.613721771240234375e+02
1.638698730468750000e+02
1.655413360595703125e+02
1.696914978027343750e+02
1.679915466308593750e+02
1.685993499755859375e+02
1.677826232910156250e+02
1.675831909179687500e+02
1.706507110595703125e+02
1.728444976806640625e+02
1.748958282470703125e+02
1.772700653076171875e+02
1.777449188232421875e+02
1.773175659179687500e+02
1.775644683837890625e+02
1.733003387451171875e+02
1.736042480468750000e+02
1.761589355468750000e+02
1.753231964111328125e+02
1.759309997558593750e+02
1.731768798828125000e+02
1.755606231689453125e+02
1.773840179443359375e+02
1.808694152832031250e+02
1.849056243896484375e+02
1.907177734375000000e+02
1.899389953613280682e+02
1.864346160888671875e+02
1.850955505371093182e+02
1.839939270019531250e+02
1.899389953613280682e+02
1.917339172363280682e+02
1.887424011230468750e+02
1.903663635253906534e+02
1.943455810546875000e+02
1.942126464843750000e+02
1.946020050048828125e+02
1.965583648681640909e+02
1.977075042724609091e+02
1.994359436035155966e+02
1.995594177246093182e+02
2.015727691650390341e+02
2.040229797363280682e+02
2.034816436767578125e+02
2.054949951171875000e+02
2.046307830810546875e+02
2.021995849609375000e+02
2.014303283691406534e+02
2.087144622802734375e+02
2.060838165283203125e+02
2.057419281005859943e+02
2.066821289062500000e+02
2.070335083007812500e+02
2.106233673095703125e+02
2.125702362060546875e+02
2.188856964111328125e+02
2.150964355468750000e+02
2.137383575439453125e+02
2.126746978759765625e+02
2.159891357421875000e+02
2.110792083740234375e+02
2.111836700439453125e+02
2.081066741943359943e+02
2.029973144531250000e+02
1.951338348388671875e+02
1.996543884277344034e+02
2.013543548583984375e+02
1.980874023437500000e+02
1.961974945068359943e+02
2.023800201416015909e+02
2.116680297851562500e+02
2.091418304443359943e+02
2.097876129150390341e+02
2.056374511718750000e+02
2.049156951904296875e+02
2.062832641601562500e+02
2.130260772705078125e+02
2.092747955322265625e+02
2.085815124511718750e+02
2.094267578125000000e+02
2.109652404785155966e+02
2.070714874267578125e+02
2.018956604003906534e+02
1.957891235351562500e+02
1.952667999267578125e+02
1.982393493652344034e+02
1.947159729003906534e+02
1.975365600585936932e+02
2.003666534423828125e+02
1.969762420654296875e+02
2.012973632812500000e+02
2.008225097656250000e+02
1.943455810546875000e+02
1.877167205810546875e+02
1.960075531005859943e+02
1.889038391113280682e+02
1.757885589599609375e+02
1.842408294677734375e+02
1.698529510498046875e+02
1.755131378173828125e+02
1.709450988769531250e+02
1.717808380126953125e+02
1.721797027587890625e+02
1.674692230224609375e+02
1.764058532714843750e+02
1.790744934082031250e+02
1.854944305419921875e+02
1.791029815673828125e+02
1.816481628417968750e+02
1.846966857910155966e+02
1.781247863769531250e+02
1.793973846435546875e+02
1.776974334716796875e+02
1.865675811767578125e+02
1.880396118164062500e+02
1.861212158203125000e+02
1.864916076660155966e+02
1.894071655273436932e+02
1.944785461425780682e+02
1.976980133056640909e+02
2.019621429443359943e+02
1.989611053466796875e+02
2.014588012695312500e+02
1.969097595214844034e+02
1.993979644775390341e+02
1.949154052734375000e+02
1.940796661376953125e+02
1.934433898925780682e+02
1.910311584472655966e+02
1.963019561767578125e+02
1.924746856689453125e+02
1.846966857910155966e+02
1.815341949462890341e+02
1.852095184326171875e+02
1.853519744873046875e+02
1.866055908203125000e+02
1.910691375732421875e+02
1.950673522949218750e+02
1.902333984375000000e+02
1.894261627197265625e+02
1.911736145019531250e+02
1.934338684082031250e+02
2.044503479003906534e+02
2.062737579345703125e+02
2.058843688964844034e+02
2.014873046875000000e+02
1.896540832519531250e+02
1.915724792480468750e+02
1.910596466064453125e+02
1.894546661376953125e+02
1.969572448730468750e+02
1.961784973144531250e+02
2.035481262207031250e+02
2.076128234863280682e+02
2.070714874267578125e+02
2.085055541992187500e+02
2.079832153320312500e+02
2.096166992187500000e+02
2.124277801513671875e+02
2.044123535156250000e+02
2.066916198730468750e+02
2.061122894287109091e+02
2.114210968017578125e+02
2.129691009521484375e+02
2.122948150634765625e+02
2.095407104492187500e+02
2.102719726562500000e+02
2.172427368164062500e+02
2.148400115966796875e+02
2.109842529296875000e+02
2.048587188720703125e+02
2.042034301757812500e+02
2.048492279052734375e+02
2.050866394042968750e+02
2.123518066406250000e+02
2.279268035888671875e+02
2.246123657226562500e+02
2.447174072265625000e+02
2.484212036132812500e+02
2.478798980712890341e+02
2.390097503662109091e+02
2.360751800537109091e+02
2.366734924316406534e+02
2.303010253906250000e+02
2.347076263427734375e+02
2.419917755126953125e+02
2.449263305664062500e+02
2.390382232666015909e+02
2.392091827392578125e+02
2.364740447998046875e+02
2.382404937744140909e+02
2.365215606689453125e+02
2.397505035400390341e+02
2.400259246826171875e+02
2.383924407958984375e+02
2.449643402099609091e+02
2.490100402832031250e+02
2.515837249755859943e+02
2.523149719238280682e+02
2.394181060791015909e+02
2.356478271484375000e+02
2.359232330322265625e+02
2.423526763916015909e+02
2.409566192626953125e+02
2.411940460205078125e+02
2.440336151123046875e+02
2.461609497070312500e+02
2.474810028076171875e+02
2.449928131103515909e+02
2.524289093017578125e+02
2.621347961425781250e+02
2.716127624511718750e+02
2.772729492187500000e+02
2.698748474121093750e+02
2.744618530273436932e+02
2.725909423828125000e+02
2.830090942382812500e+02
2.811761779785156250e+02
2.682888183593750000e+02
2.672347106933593750e+02
2.564366455078125000e+02
2.594091796875000000e+02
2.540908966064453125e+02
2.579466552734375000e+02
2.603114013671875000e+02
2.639772338867187500e+02
2.641481628417968750e+02
2.618499145507812500e+02
2.587064208984375000e+02
2.600454711914062500e+02
2.614415283203125000e+02
2.592192687988281250e+02
2.561612548828125000e+02
2.574528198242187500e+02
2.621253051757812500e+02
2.629990234375000000e+02
2.791913757324218750e+02
2.754590454101562500e+02
2.736736450195312500e+02
2.737685546875000000e+02
2.776813354492187500e+02
2.815845642089843750e+02
2.854213256835936932e+02
2.846615600585936932e+02
2.909295654296875000e+02
2.932468261718750000e+02
2.858961791992187500e+02
2.843956604003906250e+02
2.918507690429687500e+02
2.899324035644531250e+02
2.942250061035156250e+02
2.924775695800781250e+02
2.908725585937500000e+02
2.943294982910156250e+02
2.914329223632812500e+02
3.011862792968750000e+02
2.924490966796875000e+02
2.968366699218750000e+02
2.893625793457031250e+02
2.952031860351562500e+02
2.712044067382812500e+02
2.808343200683593750e+02
2.732747192382812500e+02
2.848610534667968750e+02
2.759148864746093750e+02
2.531316986083984375e+02
2.522864532470703125e+02
2.510139007568359943e+02
2.477184448242187500e+02
2.453157196044921875e+02
2.438816680908203125e+02
2.429604644775390341e+02
2.468162689208984375e+02
2.571204223632812500e+02
2.565221252441406250e+02
2.658765869140625000e+02
2.637492980957031250e+02
2.625716857910156250e+02
2.501116790771484375e+02
2.507289886474609091e+02
2.481743011474609091e+02
2.534831237792968750e+02
2.538059997558593182e+02
2.507194671630859943e+02
2.527043457031250000e+02
2.505295257568359943e+02
2.515457153320312500e+02
2.512323455810546875e+02
2.431504058837890341e+02
2.422767028808593182e+02
2.487156372070312500e+02
2.511278381347655966e+02
2.469207153320312500e+02
2.473290557861328125e+02
2.429604644775390341e+02
2.432928619384765625e+02
2.108322906494140909e+02
2.111741943359375000e+02
2.243749389648436932e+02
2.263977966308593182e+02
2.210225067138671875e+02
2.163880157470703125e+02
2.283066711425780682e+02
2.161600799560546875e+02
2.154857940673828125e+02
2.243084716796875000e+02
2.159321441650390341e+02
2.142512054443359943e+02
2.234632263183593182e+02
2.307568817138671875e+02
2.312127532958984375e+02
2.389907379150390341e+02
2.521345214843750000e+02
2.469207153320312500e+02
2.456101226806640909e+02
2.482312774658203125e+02
2.525429229736328125e+02
2.471581268310546875e+02
2.476424865722655966e+02
2.410610809326171875e+02
2.513747558593750000e+02
2.416973876953125000e+02
2.501781463623046875e+02
2.535305633544921875e+02
2.523054809570312500e+02
2.493804016113280682e+02
2.530842285156250000e+02
2.543188476562500000e+02
2.554014739990234375e+02
2.543758087158203125e+02
2.570824279785156250e+02
2.572059020996093750e+02
2.512038421630859943e+02
2.503301086425780682e+02
2.412225494384765625e+02
2.400354156494140909e+02
2.377466430664062500e+02
2.280977478027344034e+02
2.257994689941406534e+02
2.295317993164062500e+02
2.226275024414062500e+02
2.243844451904296875e+02
2.189047088623046875e+02
2.221241607666015909e+02
2.152863769531250000e+02
2.261603851318359943e+02
2.225135498046875000e+02
2.286865539550780682e+02
2.202057647705078125e+02
2.186957550048828125e+02
2.155142822265625000e+02
2.216018218994140909e+02
2.245363769531250000e+02
2.277273559570312500e+02
2.251916809082031250e+02
2.257140045166015909e+02
2.180404815673828125e+02
2.115160827636718750e+02
2.158276824951171875e+02
2.201962890625000000e+02
2.177175903320312500e+02
2.153243408203125000e+02
2.130735778808593182e+02
2.139662933349609091e+02
2.189711914062500000e+02
2.140802612304687500e+02
2.167584075927734375e+02
2.120763854980468750e+02
2.317350769042968750e+02
2.297217254638671875e+02
2.271955261230468750e+02
2.270625762939453125e+02
2.266826934814453125e+02
2.229693908691406534e+02
2.183159027099609091e+02
2.178980255126953125e+02
2.178125610351562500e+02
2.204052124023436932e+02
2.209940338134765625e+02
2.240520324707031250e+02
2.248117980957031250e+02
2.223995666503906534e+02
2.193320617675780682e+02
2.191041412353515909e+02
2.164354858398436932e+02
2.153718414306640909e+02
2.150299530029296875e+02
2.139757843017578125e+02
2.084865417480468750e+02
2.102434844970703125e+02
2.088379211425780682e+02
1.957131347656250000e+02
1.989705810546875000e+02
2.004331359863280682e+02
2.029688110351562500e+02
2.018481597900390341e+02
2.060743255615234375e+02
2.004426269531250000e+02
1.998538208007812500e+02
2.005091094970703125e+02
2.011264038085936932e+02
2.020381164550780682e+02
2.031967468261718750e+02
2.084390563964844034e+02
2.085435180664062500e+02
2.061218109130859943e+02
2.080021972656250000e+02
2.059888305664062500e+02
2.049631805419921875e+02
2.025889434814453125e+02
2.023515167236328125e+02
2.009934539794921875e+02
2.031777496337890341e+02
1.994929351806640909e+02
1.987901763916015909e+02
2.009554748535155966e+02
2.016202545166015909e+02
2.004426269531250000e+02
2.006895599365234375e+02
2.040514678955078125e+02
2.073943939208984375e+02
2.170053253173828125e+02
2.170907745361328125e+02
2.178980255126953125e+02
2.153718414306640909e+02
2.107088317871093182e+02
2.067960815429687500e+02
2.009554748535155966e+02
1.975365600585936932e+02
1.897965545654296875e+02
1.955802001953125000e+02
1.951433410644531250e+02
1.989705810546875000e+02
2.008605041503906534e+02
2.039564971923828125e+02
2.014303283691406534e+02
1.984007873535155966e+02
1.999962768554687500e+02
2.004616394042968750e+02
2.032727203369140909e+02
1.961405029296875000e+02
1.821134948730468750e+02
1.767097625732421875e+02
1.861497192382812500e+02
1.876027526855468750e+02
1.853709716796875000e+02
1.900244750976562500e+02
1.874508056640625000e+02
1.906132812500000000e+02
1.892552185058593182e+02
1.865106048583984375e+02
1.854279479980468750e+02
1.858837890625000000e+02
1.850575714111328125e+02
1.820185546875000000e+02
1.791314697265625000e+02
1.735187835693359375e+02
1.649905090332031250e+02
1.636799316406250000e+02
1.524735412597656250e+02
1.500138244628906250e+02
1.529578857421875000e+02
1.630626220703125000e+02
1.605934448242187500e+02
1.569275970458984375e+02
1.514478607177734375e+02
1.541259918212890625e+02
1.585895690917968750e+02
1.645631561279296875e+02
1.633475494384765625e+02
1.617330474853515625e+02
1.663485870361328125e+02
1.621224365234375000e+02
1.589029693603515625e+02
1.596437377929687500e+02
1.570890655517578125e+02
1.520936584472656250e+02
1.499188537597656250e+02
1.483993377685546875e+02
1.519986877441406250e+02
1.438693084716796875e+02
1.426251983642578125e+02
1.442491760253906250e+02
1.435843963623046875e+02
1.377817535400390625e+02
1.426251983642578125e+02
1.447240142822265625e+02
1.401559906005859375e+02
1.406023559570312500e+02
1.369460296630859375e+02
1.326059265136718750e+02
1.359393463134765625e+02
1.368510589599609375e+02
1.481524200439453125e+02
1.533947448730468750e+02
1.557024841308593750e+02
1.548002929687500000e+02
1.589789276123046875e+02
1.583901214599609375e+02
1.595487670898437500e+02
1.584281311035156250e+02
1.680960083007812500e+02
1.682669525146484375e+02
1.684948883056640625e+02
1.687608032226562500e+02
1.673077697753906250e+02
1.614386749267578125e+02
1.607168884277343750e+02
1.612487182617187500e+02
1.566427001953125000e+02
1.616095886230468750e+02
1.547053070068359375e+02
1.578773040771484375e+02
1.565002288818359375e+02
1.507450866699218750e+02
1.540025329589843750e+02
1.521316528320312500e+02
1.557214813232421875e+02
1.594063110351562500e+02
1.584186248779296875e+02
1.581622009277343750e+02
1.599571228027343750e+02
1.534517364501953125e+02
1.363762207031250000e+02
1.332801818847656250e+02
1.297473144531250000e+02
1.269362335205077983e+02
1.296523742675781250e+02
1.266418380737304830e+02
1.249893569946289062e+02
1.211146011352539062e+02
1.163281402587890625e+02
1.158627929687500000e+02
1.063278503417968750e+02
1.173823013305664062e+02
1.192247085571289062e+02
1.187878570556640625e+02
1.176767196655273438e+02
1.187688522338867188e+02
1.160907135009765625e+02
1.202123947143554830e+02
1.163091430664062358e+02
1.142008209228515625e+02
1.159577636718750000e+02
1.092149353027343750e+02
1.167934951782226562e+02
1.118835678100585938e+02
1.126908111572265625e+02
1.107249298095703267e+02
1.090249862670898438e+02
1.064513092041015625e+02
1.168029861450195170e+02
1.128142700195312358e+02
1.143242874145507812e+02
1.135455398559570455e+02
1.150650482177734375e+02
1.202598800659179545e+02
1.232799072265625000e+02
1.218458633422851562e+02
1.255401840209960938e+02
1.304975891113281250e+02
1.247614288330077983e+02
1.249513778686523438e+02
1.221307830810546733e+02
1.213140411376953267e+02
1.244385452270507812e+02
1.170309143066406250e+02
1.143147888183593750e+02
1.131466598510742188e+02
1.076669311523437642e+02
1.061664047241210938e+02
1.094333648681640625e+02
1.194621353149414062e+02
1.208202056884765625e+02
1.166985244750976562e+02
1.172588424682617188e+02
1.160717239379882812e+02
1.090439834594726562e+02
1.157678222656250000e+02
1.201364212036132812e+02
1.177431869506835938e+02
1.161002120971679545e+02
1.157868118286132812e+02
1.198895034790039062e+02
1.192436981201172017e+02
1.181705551147460938e+02
1.130042114257812358e+02
1.072490539550781250e+02
1.042005310058593750e+02
1.034502792358398438e+02
1.025100784301757812e+02
9.989842224121093750e+01
1.017028427124023438e+02
1.001168441772460938e+02
9.691637420654295454e+01
9.553931427001951704e+01
9.369691467285156250e+01
9.259526062011720171e+01
9.585272216796876421e+01
8.824565887451171875e+01
8.234804534912109375e+01
7.384828948974609375e+01
7.289859008789062500e+01
9.969898223876951704e+01
9.532089233398437500e+01
1.028519744873046733e+02
9.837889862060548296e+01
1.092054290771484375e+02
1.113422393798827983e+02
1.093573837280273438e+02
1.073060302734375000e+02
1.093003921508789062e+02
1.108389053344726562e+02
1.107154464721679545e+02
1.033268203735351562e+02
1.046563873291015625e+02
1.115891647338867188e+02
1.054161453247070455e+02
1.022631530761718750e+02
9.902470397949220171e+01
9.832192230224609375e+01
9.644153594970704546e+01
9.473207092285156250e+01
9.499798583984376421e+01
9.068637084960937500e+01
8.994561767578125000e+01
8.879648590087890625e+01
8.491223907470703125e+01
8.166426849365234375e+01
8.213912200927734375e+01
8.152182006835937500e+01
7.976487731933593750e+01
8.387705993652343750e+01
8.633677673339843750e+01
9.220588684082032671e+01
9.611863708496093750e+01
9.533038330078123579e+01
9.630857849121093750e+01
8.987912750244140625e+01
8.552003479003906250e+01
8.057212066650390625e+01
8.031571197509765625e+01
7.761857604980468750e+01
7.701076507568359375e+01
8.356365966796875000e+01
8.212962341308593750e+01
8.736244201660156250e+01
8.291786956787109375e+01
8.327875518798828125e+01
8.242402648925781250e+01
8.284189605712890625e+01
7.832135009765625000e+01
7.816939544677734375e+01
8.972718811035156250e+01
8.871101379394531250e+01
9.121820831298828125e+01
8.868251800537109375e+01
9.259526062011720171e+01
8.852107238769531250e+01
9.402930450439451704e+01
9.907218170166015625e+01
1.136025161743164062e+02
1.043714828491210938e+02
1.043144989013672017e+02
9.356394958496093750e+01
9.993641662597656250e+01
1.025955581665039062e+02
9.634655761718750000e+01
9.709681701660156250e+01
1.010380477905273438e+02
9.986043548583984375e+01
1.064703063964843750e+02
1.117031326293945170e+02
1.127572937011718750e+02
1.108863983154296733e+02
1.101931152343750000e+02
1.079613342285156250e+02
1.101646270751953267e+02
1.140868606567382812e+02
1.131276702880859375e+02
1.162331695556640625e+02
1.148181228637695170e+02
1.040580825805664062e+02
1.037161865234375000e+02
1.036117248535156250e+02
9.854035949707032671e+01
9.728675842285156250e+01
9.795153808593750000e+01
9.948055267333984375e+01
9.873029327392578125e+01
9.984143066406250000e+01
9.554882049560548296e+01
9.597618103027343750e+01
9.633706665039062500e+01
9.760964965820312500e+01
9.549183654785156250e+01
8.487425231933593750e+01
8.579544067382812500e+01
8.796075439453125000e+01
9.090480804443359375e+01
9.252878570556640625e+01
8.790376281738281250e+01
8.627029418945312500e+01
8.660269165039062500e+01
8.778031158447265625e+01
9.009756469726562500e+01
9.000259399414062500e+01
8.946126556396484375e+01
8.798924255371093750e+01
8.525411224365234375e+01
8.617533111572265625e+01
8.512116241455078125e+01
8.550103759765625000e+01
8.531110382080078125e+01
8.786578369140625000e+01
9.486503601074220171e+01
9.307011413574220171e+01
9.174053955078123579e+01
8.911936950683593750e+01
9.061040496826171875e+01
8.899591827392578125e+01
8.718199920654296875e+01
8.400052642822265625e+01
8.604236602783203125e+01
8.501669311523437500e+01
8.750489807128906250e+01
8.992662048339843750e+01
8.496921539306640625e+01
8.444688415527343750e+01
8.436140441894531250e+01
8.208213806152343750e+01
8.325027465820312500e+01
8.148383331298828125e+01
7.749510192871093750e+01
7.664988708496093750e+01
7.483596038818359375e+01
7.494043731689453125e+01
7.395275115966796875e+01
7.691580200195312500e+01
7.508287811279296875e+01
7.596611022949218750e+01
7.640296173095703125e+01
7.987885284423828125e+01
8.014476013183593750e+01
8.007828521728515625e+01
7.715322113037109375e+01
7.525382995605468750e+01
7.157852172851562500e+01
7.192040252685546875e+01
7.123662567138671875e+01
6.934672546386718750e+01
7.290808105468750000e+01
7.249971008300781250e+01
6.768476104736328125e+01
6.839703369140625000e+01
6.854898834228515625e+01
5.997323989868164062e+01
6.003971862792968750e+01
6.506360626220703125e+01
6.252791976928710938e+01
6.053356170654296875e+01
6.038161087036132812e+01
6.254691696166992188e+01
6.144526290893554688e+01
6.192961120605468750e+01
6.629821014404296875e+01
6.620323944091796875e+01
6.470271301269531250e+01
6.157822036743164062e+01
6.626022338867187500e+01
6.720991516113281250e+01
6.774175262451171875e+01
7.531081390380859375e+01
7.422816467285156250e+01
8.002130889892578125e+01
7.643146514892578125e+01
7.306004333496093750e+01
7.216732025146484375e+01
7.455106353759765625e+01
7.170197296142578125e+01
7.206285858154296875e+01
7.584264373779296875e+01
8.315528869628906250e+01
8.161679077148437500e+01
8.552952575683593750e+01
8.596638488769531250e+01
8.684960174560546875e+01
8.388656616210937500e+01
8.943276977539062500e+01
8.674514007568359375e+01
8.491223907470703125e+01
8.681162261962890625e+01
8.633677673339843750e+01
8.187320709228515625e+01
8.242402648925781250e+01
8.277542114257812500e+01
8.159779357910156250e+01
8.339271545410156250e+01
8.354467010498046875e+01
8.134138488769531250e+01
8.533959960937500000e+01
8.281339263916015625e+01
8.464631652832031250e+01
8.365863037109375000e+01
8.735295104980468750e+01
9.869230651855467329e+01
9.931910705566406250e+01
1.019972457885742188e+02
1.052547073364257812e+02
1.091009597778320455e+02
1.092339172363281250e+02
1.074579925537109375e+02
1.111238174438476562e+02
1.093953704833984375e+02
1.075244750976562358e+02
1.107154464721679545e+02
1.138304443359375000e+02
1.135170440673827983e+02
1.134315719604492188e+02
1.142008209228515625e+02
1.145047302246093750e+02
1.124248886108398438e+02
1.056060791015625000e+02
1.046563873291015625e+02
1.071445922851562358e+02
1.042195281982422017e+02
1.009810714721679545e+02
1.001453323364257812e+02
1.001928253173827983e+02
9.982244110107421875e+01
1.030039215087890625e+02
9.843589019775390625e+01
9.951854705810548296e+01
9.897721862792967329e+01
9.789456176757812500e+01
9.792304992675779829e+01
9.497899627685548296e+01
9.031599426269532671e+01
9.001209259033203125e+01
8.942328643798828125e+01
8.452285766601562500e+01
8.476027679443359375e+01
8.337372589111328125e+01
8.542506408691406250e+01
8.523512268066406250e+01
8.518764495849609375e+01
8.511167144775390625e+01
8.426643371582031250e+01
8.257597351074218750e+01
7.917607116699218750e+01
7.878669738769531250e+01
7.872971343994140625e+01
7.963193511962890625e+01
7.740964508056640625e+01
7.808392333984375000e+01
7.756159210205078125e+01
7.692530059814453125e+01
7.948946380615234375e+01
7.944198608398437500e+01
8.216761016845703125e+01
8.252850341796875000e+01
8.178774261474609375e+01
9.344998931884765625e+01
9.489352416992187500e+01
9.817946624755859375e+01
9.703983306884765625e+01
9.344049835205078125e+01
9.565328216552734375e+01
9.359244537353515625e+01
9.757167053222656250e+01
9.643202972412109375e+01
9.474157714843750000e+01
8.911936950683593750e+01
9.133216094970704546e+01
8.979367065429687500e+01
9.156959533691406250e+01
9.068637084960937500e+01
8.878698730468750000e+01
8.617533111572265625e+01
8.464631652832031250e+01
8.251899719238281250e+01
7.874870300292968750e+01
7.865373992919921875e+01
8.022074127197265625e+01
8.042967224121093750e+01
7.992633819580078125e+01
7.742863464355468750e+01
7.738115692138671875e+01
7.834033966064453125e+01
7.903362274169921875e+01
7.911908721923828125e+01
7.808392333984375000e+01
7.877719879150390625e+01
8.346869659423828125e+01
8.104696655273437500e+01
8.389604949951171875e+01
8.429492950439453125e+01
8.611834716796875000e+01
8.145532989501953125e+01
7.975539398193359375e+01
8.176874542236328125e+01
7.871071624755859375e+01
7.712472534179687500e+01
7.481696319580078125e+01
7.689681243896484375e+01
7.471250152587890625e+01
7.554823303222656250e+01
7.882468414306640625e+01
8.003079223632812500e+01
8.015425109863281250e+01
8.233855438232421875e+01
8.098999023437500000e+01
8.180673217773437500e+01
8.119892120361328125e+01
8.154081726074218750e+01
8.310781097412109375e+01
8.486474609375000000e+01
8.756187438964843750e+01
8.746690368652343750e+01
8.350668334960937500e+01
8.240502929687500000e+01
8.251899719238281250e+01
8.064809417724609375e+01
8.117043304443359375e+01
8.274692535400390625e+01
8.033470153808593750e+01
7.934702301025390625e+01
7.915708160400390625e+01
7.984085845947265625e+01
8.005929565429687500e+01
7.962242889404296875e+01
8.599488067626953125e+01
8.600437927246093750e+01
8.717250061035156250e+01
8.927133178710937500e+01
9.175003814697265625e+01
8.980316162109375000e+01
8.871101379394531250e+01
8.661218261718750000e+01
8.745741271972656250e+01
8.727696990966796875e+01
8.753339385986328125e+01
9.150311279296876421e+01
9.020203399658204546e+01
9.225337982177734375e+01
9.063889312744140625e+01
9.549183654785156250e+01
9.702084350585937500e+01
9.506447601318359375e+01
9.028750610351562500e+01
9.267124176025390625e+01
9.202544403076171875e+01
9.170254516601562500e+01
8.948026275634765625e+01
9.007856750488279829e+01
9.421923828125000000e+01
9.090480804443359375e+01
8.875849914550781250e+01
8.698255920410156250e+01
8.463681793212890625e+01
8.608985137939453125e+01
8.360164642333984375e+01
8.411447906494140625e+01
8.364913177490234375e+01
8.532059478759765625e+01
8.462732696533203125e+01
8.530160522460937500e+01
8.759986877441406250e+01
8.929982757568359375e+01
8.893893432617187500e+01
8.822666168212890625e+01
9.023052978515623579e+01
8.988863372802734375e+01
8.969869232177734375e+01
8.544406127929687500e+01
8.552003479003906250e+01
8.424744415283203125e+01
8.385807037353515625e+01
8.323126983642578125e+01
8.357315826416015625e+01
8.268994140625000000e+01
8.264245605468750000e+01
8.272793579101562500e+01
8.142684936523437500e+01
7.987885284423828125e+01
8.385807037353515625e+01
8.283239746093750000e+01
8.158830261230468750e+01
8.185420989990234375e+01
8.123690795898437500e+01
8.237654113769531250e+01
8.217710876464843750e+01
8.028721618652343750e+01
7.985036468505859375e+01
7.946098327636718750e+01
8.173075103759765625e+01
8.058161926269531250e+01
8.278491210937500000e+01
8.336422729492187500e+01
8.025872802734375000e+01
7.979337310791015625e+01
8.006878662109375000e+01
7.968890380859375000e+01
7.883418273925781250e+01
7.750460815429687500e+01
7.591861724853515625e+01
7.645994567871093750e+01
7.870122528076171875e+01
7.695378875732421875e+01
7.835933685302734375e+01
7.865373992919921875e+01
7.895764160156250000e+01
7.838782501220703125e+01
7.833084869384765625e+01
7.921406555175781250e+01
8.101847839355468750e+01
8.106596374511718750e+01
8.111344909667968750e+01
8.053414154052734375e+01
7.856827545166015625e+01
7.858726501464843750e+01
7.812191772460937500e+01
7.965092468261718750e+01
8.268994140625000000e+01
7.513037109375000000e+01
7.369633483886718750e+01
7.451307678222656250e+01
7.496892547607421875e+01
7.498791503906250000e+01
7.454155731201171875e+01
7.362984466552734375e+01
7.287959289550781250e+01
7.091372680664062500e+01
7.111316680908203125e+01
7.026792907714843750e+01
6.935622406005859375e+01
6.873892211914062500e+01
6.789369201660156250e+01
6.869144439697265625e+01
6.851099395751953125e+01
6.777973175048828125e+01
6.779872131347656250e+01
6.786520385742187500e+01
6.886238861083984375e+01
7.076177978515625000e+01
7.012548065185546875e+01
7.159751129150390625e+01
7.059654235839843750e+01
7.339730834960937500e+01
7.245409393310546875e+01
7.300270080566406250e+01
7.325293731689453125e+01
7.434052276611328125e+01
7.460038757324218750e+01
7.195362091064453125e+01
7.371492004394531250e+01
7.185737609863281250e+01
7.026930999755859375e+01
7.014418792724609375e+01
6.931646728515625000e+01
6.872937774658203125e+01
6.966295623779296875e+01
6.914322662353515625e+01
6.685256958007812500e+01
6.634246826171875000e+01
6.549550628662109375e+01
6.681407165527343750e+01
6.605372619628906250e+01
7.124139404296875000e+01
7.237709808349609375e+01
7.107777404785156250e+01
7.123177337646484375e+01
7.081791687011718750e+01
6.960520935058593750e+01
6.946083831787109375e+01
6.973995971679687500e+01
6.915285491943359375e+01
7.182849121093750000e+01
7.529335784912109375e+01
7.087566375732421875e+01
6.812301635742187500e+01
6.931646728515625000e+01
7.039443206787109375e+01
6.891223907470703125e+01
7.063504791259765625e+01
7.104890441894531250e+01
7.113552856445312500e+01
7.039443206787109375e+01
7.274283599853515625e+01
7.326256561279296875e+01
7.310856628417968750e+01
7.363792419433593750e+01
7.476400756835937500e+01
7.178999328613281250e+01
7.125101470947265625e+01
7.181887054443359375e+01
6.929722595214843750e+01
6.936459350585937500e+01
7.094303131103515625e+01
6.981695556640625000e+01
7.078904724121093750e+01
7.204986572265625000e+01
7.320481872558593750e+01
7.352243041992187500e+01
7.064467620849609375e+01
7.066391754150390625e+01
7.076016235351562500e+01
7.066391754150390625e+01
7.139538574218750000e+01
7.105853271484375000e+01
6.942234039306640625e+01
6.877749633789062500e+01
6.879674530029296875e+01
6.890261077880859375e+01
6.964370727539062500e+01
7.061579895019531250e+01
7.014418792724609375e+01
6.972071075439453125e+01
6.924909210205078125e+01
6.896999359130859375e+01
6.901811218261718750e+01
7.025006103515625000e+01
7.178999328613281250e+01
7.204023742675781250e+01
6.861388397216796875e+01
6.796903228759765625e+01
6.699694824218750000e+01
6.623659515380859375e+01
6.629434204101562500e+01
6.647721099853515625e+01
6.802677154541015625e+01
6.978807830810546875e+01
7.182849121093750000e+01
7.229048156738281250e+01
7.271395874023437500e+01
7.354168701171875000e+01
7.204023742675781250e+01
7.267546844482421875e+01
7.731452941894531250e+01
7.827699279785156250e+01
7.848873138427734375e+01
7.639056396484375000e+01
7.551472473144531250e+01
7.647718048095703125e+01
7.703541564941406250e+01
8.142424011230468750e+01
7.652531433105468750e+01
7.794974517822265625e+01
8.344540405273437500e+01
8.521633911132812500e+01
8.496609497070312500e+01
8.289680480957031250e+01
7.957631683349609375e+01
7.776688385009765625e+01
7.820962524414062500e+01
7.755514526367187500e+01
7.609219360351562500e+01
7.664080047607421875e+01
7.539923095703125000e+01
7.497575378417968750e+01
7.550509643554687500e+01
7.683330535888671875e+01
7.700654602050781250e+01
7.546660614013671875e+01
7.632319641113281250e+01
7.497575378417968750e+01
7.511048889160156250e+01
7.442212677001953125e+01
7.213085174560546875e+01
7.331091308593750000e+01
7.322240447998046875e+01
7.311423492431640625e+01
7.244553375244140625e+01
7.354692077636718750e+01
7.256354522705078125e+01
7.293722534179687500e+01
7.116714477539062500e+01
7.080329132080078125e+01
7.098030090332031250e+01
7.245536804199218750e+01
7.431395721435546875e+01
7.328140258789062500e+01
7.227835845947265625e+01
7.444179534912109375e+01
7.474664306640625000e+01
7.721492004394531250e+01
7.832614135742187500e+01
7.671340179443359375e+01
7.707724761962890625e+01
7.575952148437500000e+01
7.526783752441406250e+01
7.401893615722656250e+01
7.536617279052734375e+01
7.483514404296875000e+01
7.454013824462890625e+01
7.414678192138671875e+01
7.525799560546875000e+01
7.731326293945312500e+01
7.670356750488281250e+01
7.753943634033203125e+01
7.668390655517578125e+01
7.616270446777343750e+01
7.570052337646484375e+01
7.660523223876953125e+01
7.653639221191406250e+01
7.897517395019531250e+01
7.866049194335937500e+01
7.956520080566406250e+01
7.975203704833984375e+01
7.814913177490234375e+01
7.821797180175781250e+01
8.179747009277343750e+01
8.251534271240234375e+01
7.969303894042968750e+01
8.214165496826171875e+01
8.158112335205078125e+01
8.399040985107421875e+01
8.040107727050781250e+01
8.009622192382812500e+01
7.829664611816406250e+01
7.967337036132812500e+01
8.195481109619140625e+01
8.090259552001953125e+01
8.109927368164062500e+01
8.105993652343750000e+01
7.983071136474609375e+01
8.008639526367187500e+01
8.240716552734375000e+01
8.340037536621093750e+01
8.406907653808593750e+01
8.328237915039062500e+01
8.221048736572265625e+01
8.329220581054687500e+01
8.301686096191406250e+01
8.701921081542968750e+01
8.682254028320312500e+01
8.859261322021484375e+01
9.557461547851562500e+01
9.387336730957032671e+01
1.033236389160156250e+02
1.055460739135742188e+02
1.043561859130859375e+02
1.108661575317382812e+02
1.133344345092773438e+02
1.109644927978515625e+02
1.126264038085937642e+02
1.155667037963867188e+02
1.078570175170898438e+02
1.060967636108398438e+02
1.074636611938476562e+02
1.083093719482422017e+02
1.060180969238281250e+02
1.001473236083984375e+02
1.004718399047851562e+02
9.840674591064451704e+01
1.007275161743164062e+02
9.923278808593750000e+01
9.879026031494140625e+01
9.637114715576171875e+01
9.475840759277343750e+01
9.580078887939451704e+01
9.826907348632812500e+01
9.817073059082032671e+01
9.705950927734376421e+01
9.635148620605467329e+01
9.595812988281250000e+01
9.676450347900390625e+01
9.756103515625000000e+01
9.512226104736328125e+01
9.847557830810548296e+01
9.262447357177734375e+01
9.383403015136720171e+01
9.025453186035156250e+01
9.047087097167967329e+01
8.907447814941406250e+01
8.711754608154296875e+01
8.786492156982421875e+01
8.566214752197265625e+01
8.532779693603515625e+01
8.415758514404296875e+01
8.174829864501953125e+01
8.415758514404296875e+01
8.376422882080078125e+01
8.515078735351562500e+01
8.591783142089843750e+01
8.452143096923828125e+01
8.425592041015625000e+01
8.351838684082031250e+01
8.275135040283203125e+01
8.450176239013671875e+01
9.078555297851562500e+01
8.833694458007812500e+01
8.750107574462890625e+01
8.774691772460937500e+01
8.636035156250000000e+01
8.462960052490234375e+01
8.570148468017578125e+01
8.358721923828125000e+01
8.290868377685546875e+01
8.091242980957031250e+01
8.372489166259765625e+01
8.409857177734375000e+01
8.464926910400390625e+01
8.364621734619140625e+01
8.273168182373046875e+01
8.338071441650390625e+01
8.353804779052734375e+01
8.411824798583984375e+01
8.409857177734375000e+01
8.307586669921875000e+01
8.229899597167968750e+01
7.919151306152343750e+01
7.920134735107421875e+01
8.032240295410156250e+01
8.106977081298828125e+01
8.105993652343750000e+01
8.370523071289062500e+01
8.396089935302734375e+01
8.496395111083984375e+01
8.466893768310546875e+01
8.765840911865234375e+01
8.849427795410156250e+01
9.443389129638671875e+01
9.511242675781250000e+01
1.010323638916015625e+02
9.719718170166015625e+01
9.697100830078123579e+01
1.006488494873046733e+02
9.762987518310548296e+01
9.871158599853515625e+01
1.017895660400390625e+02
1.094697570800781250e+02
1.109054870605468750e+02
1.163632431030273438e+02
1.175531311035156250e+02
1.226568756103515625e+02
1.247908020019531250e+02
1.236992568969726562e+02
1.337100524902343750e+02
1.413607482910156250e+02
1.268952255249023438e+02
1.317826232910156250e+02
1.367683563232421875e+02
1.342804107666015625e+02
1.303075561523437500e+02
1.286358184814453125e+02
1.276917800903320455e+02
1.386859436035156250e+02
1.376239013671875000e+02
1.382827606201171875e+02
1.303370513916015625e+02
1.367093658447265625e+02
1.348606109619140625e+02
1.360505065917968750e+02
1.387547912597656250e+02
1.451172485351562500e+02
1.403675384521484375e+02
1.408198852539062500e+02
1.346344299316406250e+02
1.328938446044921875e+02
1.322448120117187500e+02
1.305435638427734375e+02
1.300420532226562500e+02
1.333757019042968750e+02
1.302288818359375000e+02
1.300322113037109375e+02
1.304944000244140625e+02
1.276327590942382812e+02
1.271804199218750000e+02
1.146029968261718750e+02
1.042185134887695170e+02
9.771838378906250000e+01
1.030384597778320455e+02
1.024484329223632812e+02
1.059394302368164062e+02
1.120757141113281250e+02
1.104138031005859375e+02
1.049757156372070455e+02
1.070604782104492188e+02
1.083192062377929545e+02
1.139539642333984375e+02
1.169926071166992188e+02
1.173072891235351562e+02
1.182808303833007812e+02
1.164025802612304830e+02
1.169040985107422017e+02
1.174449615478515625e+02
1.185266799926757812e+02
1.236697540283203267e+02
1.244662857055664062e+02
1.255381774902343750e+02
1.211818084716796733e+02
1.236992568969726562e+02
1.232469024658203267e+02
1.303468933105468750e+02
1.294618530273437500e+02
1.318219604492187500e+02
1.218406677246093750e+02
1.214079818725585938e+02
1.209162902832031250e+02
1.230797271728515625e+02
1.215358123779296733e+02
1.194608917236327983e+02
1.187233581542968750e+02
1.175334625244140625e+02
1.147996673583984375e+02
1.152323608398437642e+02
1.119478683471679545e+02
1.128427505493164062e+02
1.130590896606445170e+02
1.174646301269531250e+02
1.179661483764648438e+02
1.173957901000976562e+02
1.194608917236327983e+02
1.198542404174804830e+02
1.183300018310546733e+02
1.166200027465820455e+02
1.128700027465820455e+02
1.159599990844726562e+02
1.150299987792968750e+02
1.134899978637695170e+02
1.130100021362304830e+02
1.130899963378906250e+02
1.170100021362304830e+02
1.145500030517577983e+02
1.139300003051757812e+02
1.140800018310546733e+02
1.134100036621093750e+02
1.139700012207031250e+02
1.107099990844726562e+02
1.086999969482422017e+02
1.062699966430664062e+02
1.079899978637695170e+02
1.038300018310546733e+02
1.066399993896484375e+02
1.067200012207031250e+02
1.082200012207031250e+02
1.169700012207031250e+02
1.157300033569335938e+02
1.173000030517577983e+02
1.202300033569335938e+02
1.202699966430664062e+02
1.207099990844726562e+02
1.225800018310546733e+02
1.211500015258789062e+02
1.200299987792968750e+02
1.221500015258789062e+02
1.193600006103515625e+02
1.173799972534179545e+02
1.206299972534179545e+02
1.170699996948242188e+02
1.175000000000000000e+02
1.170400009155273438e+02
1.208600006103515625e+02
1.209599990844726562e+02
1.203600006103515625e+02
1.186399993896484375e+02
1.224199981689453267e+02
1.268600006103515625e+02
1.222799987792968750e+02
1.212600021362304830e+02
1.214000015258789062e+02
1.199899978637695170e+02
1.194899978637695170e+02
1.180899963378906250e+02
1.229400024414062358e+02
1.243499984741210938e+02
1.241900024414062358e+02
1.222300033569335938e+02
1.195699996948242188e+02
1.350000000000000000e+02
1.385500030517578125e+02
1.364499969482421875e+02
1.309199981689453125e+02
1.355800018310546875e+02
1.411999969482421875e+02
1.471000061035156250e+02
1.439299926757812500e+02
1.554400024414062500e+02
1.550599975585937500e+02
1.580399932861328125e+02
1.622100067138671875e+02
1.661699981689453125e+02
1.624799957275390625e+02
1.628099975585937500e+02
1.642500000000000000e+02
1.630800018310546875e+02
1.764400024414062500e+02
1.754700012207031250e+02
1.719100036621093750e+02
1.798999938964843750e+02
1.787299957275390625e+02
1.827799987792968750e+02
1.893399963378906534e+02
1.880299987792968750e+02
1.872200012207031250e+02
1.813300018310546875e+02
1.811199951171875000e+02
1.736799926757812500e+02
1.590099945068359375e+02
