1.592666983604431152e+00
1.588667035102844238e+00
1.463999986648559570e+00
1.279999971389770508e+00
1.074000000953674316e+00
1.053333044052124023e+00
1.164000034332275391e+00
1.159999966621398926e+00
1.136667013168334961e+00
1.209332942962646484e+00
1.322667002677917703e+00
1.325999975204467773e+00
1.376000046730041504e+00
1.460667014122009277e+00
1.353332996368408203e+00
1.348000049591064453e+00
1.399999976158142090e+00
1.419332981109619141e+00
1.396667003631591797e+00
1.370000004768371582e+00
1.381332993507385254e+00
1.356667041778564453e+00
1.329332947731018066e+00
1.394667029380798340e+00
1.463333010673522949e+00
1.417333006858825684e+00
1.363332986831665039e+00
1.305999994277954102e+00
1.306666970252990723e+00
1.268666982650756836e+00
1.193333029747009277e+00
1.173333048820495605e+00
1.221333026885986328e+00
1.251999974250793679e+00
1.276666998863220215e+00
1.251332998275756836e+00
1.252666950225830078e+00
1.273332953453063965e+00
1.342000007629394309e+00
1.279999971389770508e+00
1.326666951179504395e+00
1.316666960716247559e+00
1.313333034515380859e+00
1.324666976928710938e+00
1.298666954040527122e+00
1.363332986831665039e+00
1.404000043869018555e+00
1.403332948684692383e+00
1.369333028793334961e+00
1.393332958221435547e+00
1.380666971206665039e+00
1.344666957855224609e+00
1.381332993507385254e+00
1.407999992370605691e+00
1.465332984924316406e+00
1.396000027656555176e+00
1.348667025566101074e+00
1.404000043869018555e+00
1.384667038917541504e+00
1.324666976928710938e+00
1.304000020027160645e+00
1.340000033378601074e+00
1.368667006492614746e+00
1.426666975021362305e+00
1.465332984924316406e+00
1.360666990280151367e+00
1.373332977294922097e+00
1.399333000183105691e+00
1.407999992370605691e+00
1.363999962806701660e+00
1.361999988555908203e+00
1.361999988555908203e+00
1.349333047866821289e+00
1.349333047866821289e+00
1.369333028793334961e+00
1.383332967758178711e+00
1.369333028793334961e+00
1.348667025566101074e+00
1.336666941642761230e+00
1.376667022705077903e+00
1.383332967758178711e+00
1.381332993507385254e+00
1.389999985694885254e+00
1.424000024795532227e+00
1.399999976158142090e+00
1.412667036056518555e+00
1.455999970436096191e+00
1.427332997322082297e+00
1.416666984558105691e+00
1.451333045959472878e+00
1.659999966621398926e+00
1.629333019256591797e+00
1.665333032608032227e+00
1.641999959945678711e+00
1.957332968711853027e+00
1.869333028793334961e+00
1.989333033561706321e+00
2.053333044052124023e+00
1.978000044822692871e+00
1.965999960899353027e+00
1.992666959762572798e+00
2.065999984741210938e+00
2.226666927337646484e+00
2.304666996002197266e+00
2.364666938781738281e+00
2.354666948318481001e+00
2.288666963577270508e+00
2.355333089828491211e+00
2.289999961853027788e+00
2.156666994094848633e+00
2.099333047866821289e+00
2.020667076110839844e+00
2.104000091552734375e+00
2.157999992370605025e+00
2.136667013168334961e+00
2.101332902908325195e+00
2.036667108535766602e+00
1.901999950408935547e+00
1.973333001136780007e+00
2.053999900817871094e+00
2.090667009353637695e+00
2.113332986831665039e+00
2.150666952133178711e+00
2.175333023071289062e+00
2.006000041961669922e+00
1.703333020210265891e+00
1.760666966438293679e+00
1.848667025566101074e+00
1.766667008399963379e+00
1.775333046913146973e+00
1.774667024612426758e+00
1.777999997138977051e+00
1.788666963577270508e+00
1.858667016029357910e+00
1.882666945457458496e+00
1.896667003631592019e+00
1.797333002090454102e+00
1.797333002090454102e+00
1.748000025749206321e+00
1.716667056083679199e+00
1.709332942962646484e+00
1.601999998092651367e+00
1.508000016212463379e+00
1.536000013351440430e+00
1.632666945457458496e+00
1.645333051681518555e+00
1.649999976158142090e+00
1.661332964897155762e+00
1.600666999816894309e+00
1.606667041778564453e+00
1.593999981880187988e+00
1.595999956130981445e+00
1.575332999229431152e+00
1.564000010490417703e+00
1.537999987602234109e+00
1.632666945457458496e+00
1.547333002090454102e+00
1.547999978065490723e+00
1.549999952316284180e+00
1.538666963577270508e+00
1.522667050361633301e+00
1.648666977882385254e+00
1.573333024978637695e+00
1.545333027839660645e+00
1.457999944686889648e+00
1.455332994461059570e+00
1.501999974250793679e+00
1.574000000953674316e+00
1.592666983604431152e+00
1.595999956130981445e+00
1.601333022117614746e+00
1.623999953269958496e+00
1.663333058357238770e+00
1.662667036056518555e+00
1.644000053405761497e+00
1.648000001907348633e+00
1.600666999816894309e+00
1.604666948318481445e+00
1.549999952316284180e+00
1.529999971389770508e+00
1.521332979202270508e+00
1.520666956901550293e+00
1.530666947364807129e+00
1.515333056449889915e+00
1.479333043098449707e+00
1.480666995048522949e+00
1.488667011260986328e+00
1.516667008399963379e+00
1.549999952316284180e+00
1.594666957855224609e+00
1.580667018890380859e+00
1.850000023841857910e+00
1.777333021163940430e+00
1.722000002861022949e+00
1.779999971389770508e+00
1.766000032424926758e+00
1.815999984741210938e+00
1.766000032424926758e+00
1.684666991233825684e+00
1.643332958221435547e+00
1.661999940872192383e+00
1.675999999046325684e+00
1.705332994461059570e+00
1.668666958808898926e+00
1.677332997322082297e+00
1.716667056083679199e+00
1.782667040824889915e+00
1.759333014488220215e+00
1.795333027839660645e+00
1.805333018302917258e+00
1.843999981880187988e+00
1.840000033378601074e+00
1.830000042915344016e+00
1.791332960128784180e+00
1.779332995414734109e+00
1.762666940689086914e+00
1.807999968528748003e+00
1.860666990280151589e+00
1.888666987419128418e+00
1.804666996002197266e+00
1.844666957855224831e+00
1.836666941642760786e+00
1.773332953453063965e+00
1.730666995048522949e+00
1.756667017936706321e+00
1.879999995231628418e+00
1.864667057991028054e+00
1.787999987602234109e+00
1.781332969665527122e+00
1.932000041007996050e+00
1.965332984924316406e+00
1.970000028610229270e+00
2.009332895278930664e+00
1.901332974433898926e+00
1.917333006858825684e+00
2.008666992187500000e+00
1.913333058357238770e+00
1.891332983970642090e+00
1.807999968528748003e+00
1.841333031654357910e+00
1.857332944869995117e+00
1.895333051681518333e+00
1.906666994094848855e+00
1.821333050727844016e+00
1.766667008399963379e+00
1.766667008399963379e+00
1.733999967575073242e+00
1.835332989692687988e+00
1.814000010490417258e+00
1.847332954406738503e+00
1.838000059127808061e+00
1.830667018890380859e+00
1.873999953269958496e+00
1.886000037193298340e+00
1.942000031471252441e+00
1.934666991233825684e+00
1.942667007446289062e+00
1.930667042732238770e+00
1.981999993324280007e+00
1.920667052268981934e+00
1.889999985694885254e+00
1.878000020980834961e+00
1.909332990646362305e+00
1.840667009353637695e+00
1.838667035102844016e+00
1.815333008766174316e+00
1.859333038330077903e+00
1.912667036056518333e+00
1.913333058357238770e+00
1.952666997909545898e+00
1.899333000183105247e+00
1.866667032241821289e+00
1.842666983604431152e+00
1.878000020980834961e+00
1.878000020980834961e+00
1.917999982833862305e+00
1.822667002677917258e+00
1.813333034515380859e+00
1.649999976158142090e+00
1.616000056266784890e+00
1.575999975204467773e+00
1.670667052268981934e+00
1.588000059127807617e+00
1.686666965484619141e+00
1.753999948501586914e+00
1.748667001724243164e+00
1.740000009536743164e+00
1.722000002861022949e+00
1.617333054542541504e+00
1.486667037010192871e+00
1.463333010673522949e+00
1.530666947364807129e+00
1.591333031654357910e+00
1.540667057037353516e+00
1.582000017166137695e+00
1.647333025932312012e+00
1.641999959945678711e+00
1.649333000183105691e+00
1.600000023841857910e+00
1.537999987602234109e+00
1.529332995414734109e+00
1.589333057403564453e+00
1.574000000953674316e+00
1.531332969665527122e+00
1.525333046913146973e+00
1.605332970619201660e+00
1.622666954994201660e+00
1.654667019844055176e+00
1.720000028610229492e+00
1.718000054359436035e+00
1.733999967575073242e+00
1.723333001136779785e+00
1.708667039871215820e+00
1.758666992187500000e+00
1.701333045959472878e+00
1.746000051498413086e+00
1.639333009719848633e+00
1.608000040054321289e+00
1.626000046730041504e+00
1.582000017166137695e+00
1.577332973480224609e+00
1.691333055496215820e+00
1.797333002090454102e+00
1.799332976341247559e+00
1.858667016029357910e+00
1.840667009353637695e+00
1.853332996368407981e+00
1.862666964530944824e+00
1.870000004768372026e+00
1.827999949455260786e+00
1.889333009719848855e+00
1.838000059127808061e+00
1.822667002677917258e+00
1.868667006492614746e+00
1.903332948684692383e+00
1.883332967758178711e+00
1.865332961082458496e+00
1.917333006858825684e+00
1.991333007812500000e+00
1.957999944686889648e+00
1.925333023071289062e+00
1.914000034332275613e+00
2.164000034332275391e+00
2.154000043869018555e+00
2.084666967391968218e+00
2.122667074203491211e+00
2.058666944503784180e+00
2.088666915893554688e+00
2.242666959762572798e+00
2.214667081832885742e+00
2.262000083923339844e+00
2.329333066940308061e+00
2.245332956314086914e+00
2.173332929611206055e+00
2.117332935333251953e+00
2.138000011444091797e+00
2.096667051315308061e+00
2.110666990280151811e+00
2.170666933059692383e+00
2.116667032241821289e+00
2.182667016983031782e+00
2.173332929611206055e+00
2.220000028610229048e+00
2.294667005538940430e+00
2.324666976928710938e+00
2.279333114624023438e+00
2.059333086013793945e+00
2.069333076477050781e+00
2.027333021163940430e+00
1.963333010673522949e+00
1.901999950408935547e+00
1.907999992370605247e+00
1.866667032241821289e+00
1.850000023841857910e+00
1.860000014305114746e+00
1.838000059127808061e+00
1.851333022117614746e+00
1.860000014305114746e+00
1.904667019844055176e+00
1.900666952133178711e+00
1.915333032608032005e+00
1.904000043869018333e+00
1.871999979019165039e+00
1.847332954406738503e+00
1.807999968528748003e+00
1.794000029563903809e+00
1.816666960716248003e+00
1.841333031654357910e+00
1.881999969482421653e+00
1.883332967758178711e+00
1.519333004951477051e+00
1.773332953453063965e+00
1.787333011627197266e+00
1.784000039100646973e+00
1.773332953453063965e+00
1.784667015075683594e+00
1.827999949455260786e+00
1.864667057991028054e+00
1.929332971572875977e+00
1.955332994461060014e+00
1.971333026885986328e+00
1.937999963760375977e+00
1.972000002861022949e+00
2.016666889190673828e+00
2.076667070388793945e+00
2.119999885559082031e+00
2.106667041778564453e+00
2.128667116165161133e+00
2.171999931335449219e+00
2.073333024978637695e+00
2.099333047866821289e+00
2.211333036422729048e+00
2.240000009536743164e+00
2.278666973114013672e+00
2.331332921981811523e+00
2.299999952316284180e+00
2.281332969665527788e+00
2.302000045776367188e+00
2.250000000000000000e+00
2.241333007812500000e+00
2.253999948501586914e+00
2.227333068847655806e+00
2.293999910354614258e+00
2.269332885742187500e+00
2.251332998275756836e+00
2.207333087921142578e+00
2.207999944686889648e+00
2.204667091369628906e+00
2.315999984741210938e+00
2.400666952133178711e+00
2.405999898910522461e+00
2.352667093276977095e+00
2.333333015441894531e+00
2.354666948318481001e+00
2.332000017166137695e+00
2.330667018890380859e+00
2.343333005905151811e+00
2.293333053588867188e+00
2.272000074386596680e+00
2.493333101272583008e+00
2.529333114624023438e+00
2.523333072662353072e+00
2.488667011260986328e+00
2.482666969299316406e+00
2.438667058944702148e+00
2.533999919891357422e+00
2.333333015441894531e+00
2.298666954040527788e+00
2.210000038146972656e+00
2.164000034332275391e+00
2.206000089645385742e+00
2.229332923889160156e+00
2.239332914352416992e+00
2.150000095367432085e+00
2.149333000183105025e+00
2.177333116531372070e+00
2.210666894912720171e+00
2.210666894912720171e+00
2.129333019256591797e+00
2.121332883834838867e+00
2.194000005722045898e+00
2.232666969299316406e+00
2.222666978836060014e+00
2.208667039871215820e+00
2.252000093460083008e+00
2.262666940689086914e+00
2.164000034332275391e+00
2.121999979019165039e+00
2.164666891098022461e+00
2.012666940689086914e+00
2.003999948501586914e+00
2.197333097457885742e+00
2.150000095367432085e+00
2.003999948501586914e+00
1.962000012397765891e+00
1.945333003997802734e+00
1.904667019844055176e+00
1.837332963943481223e+00
1.917999982833862305e+00
2.053333044052124023e+00
2.068000078201293945e+00
2.018666982650756836e+00
1.987333059310913086e+00
2.112667083740234375e+00
2.027333021163940430e+00
1.966667056083679199e+00
1.876667022705077903e+00
1.858667016029357910e+00
1.860666990280151589e+00
1.947999954223632812e+00
1.928666949272155984e+00
2.005332946777344194e+00
1.941333055496216042e+00
1.977332949638366699e+00
1.984666943550109641e+00
1.959332942962646484e+00
1.993999958038330078e+00
2.122667074203491211e+00
2.139333009719848633e+00
2.252000093460083008e+00
2.145999908447265625e+00
2.252666950225830078e+00
2.207333087921142578e+00
2.107332944869995117e+00
2.130666971206665039e+00
2.094000101089477095e+00
2.085999965667724609e+00
2.026667118072509766e+00
2.043999910354614258e+00
2.082000017166137695e+00
2.065999984741210938e+00
2.099333047866821289e+00
2.084666967391968218e+00
2.100666999816894531e+00
2.180000066757202148e+00
2.283333063125610352e+00
2.397332906723022461e+00
2.223332881927490234e+00
2.143332958221435547e+00
2.151333093643188477e+00
2.119333028793334961e+00
2.043999910354614258e+00
1.989333033561706321e+00
1.929999947547912820e+00
1.875332951545715554e+00
1.967332959175109641e+00
1.823333024978637695e+00
1.827999949455260786e+00
1.750000000000000000e+00
1.740000009536743164e+00
1.817999958992004395e+00
1.884667038917541282e+00
2.016666889190673828e+00
1.939332962036132812e+00
1.960667014122009277e+00
1.996000051498413086e+00
2.078000068664550781e+00
1.961333036422729270e+00
1.960000038146972878e+00
2.019999980926513672e+00
2.000667095184326172e+00
1.967332959175109641e+00
1.940667033195496050e+00
1.996667027473449707e+00
2.048666954040527788e+00
1.966667056083679199e+00
1.888000011444092019e+00
1.912667036056518333e+00
1.894000053405761497e+00
1.894000053405761497e+00
1.901332974433898926e+00
1.876000046730041282e+00
1.862666964530944824e+00
1.903332948684692383e+00
1.956666946411132812e+00
1.824666976928710938e+00
1.853332996368407981e+00
1.885332942008971946e+00
1.965332984924316406e+00
2.026000022888184038e+00
2.169332981109619141e+00
2.089333057403564453e+00
2.069999933242797852e+00
2.059999942779541016e+00
2.001332998275756836e+00
2.043999910354614258e+00
1.843999981880187988e+00
1.835999965667724831e+00
1.899333000183105247e+00
1.952000021934509277e+00
1.944000005722045898e+00
1.986667037010192871e+00
1.953333020210265891e+00
1.960000038146972878e+00
1.925999999046325684e+00
1.950000047683716042e+00
1.891332983970642090e+00
1.893332958221435547e+00
1.888000011444092019e+00
1.842666983604431152e+00
1.822000026702880859e+00
1.870666980743407981e+00
1.921332955360412820e+00
1.869333028793334961e+00
1.849333047866821289e+00
1.856667041778564453e+00
1.892667055130004883e+00
1.827999949455260786e+00
1.834666967391967995e+00
1.825332999229431152e+00
1.875332951545715554e+00
1.950000047683716042e+00
1.927999973297119141e+00
2.099999904632568359e+00
2.076667070388793945e+00
2.102667093276977095e+00
2.087332963943481001e+00
2.021332979202270508e+00
2.071332931518554688e+00
2.107332944869995117e+00
2.092000007629394531e+00
2.054666996002197266e+00
2.122667074203491211e+00
2.194667100906372070e+00
2.200000047683715820e+00
2.164666891098022461e+00
2.141999959945678711e+00
2.151333093643188477e+00
2.143332958221435547e+00
2.215332984924316406e+00
2.246000051498413086e+00
2.254667043685913086e+00
2.308000087738037109e+00
2.259999990463256836e+00
2.247333049774169922e+00
2.259999990463256836e+00
2.278000116348266602e+00
2.304666996002197266e+00
2.351999998092651811e+00
2.350666999816894531e+00
2.240667104721069336e+00
2.253999948501586914e+00
2.293333053588867188e+00
2.305999994277954102e+00
2.307332992553710938e+00
2.295332908630371094e+00
2.266666889190673828e+00
2.285332918167114258e+00
2.239332914352416992e+00
2.246000051498413086e+00
2.214667081832885742e+00
2.257999897003173828e+00
2.357332944869995117e+00
2.318000078201293945e+00
2.293333053588867188e+00
2.289333105087280273e+00
2.245332956314086914e+00
2.242666959762572798e+00
2.235332965850830078e+00
2.194000005722045898e+00
2.217333078384399414e+00
2.259999990463256836e+00
2.273333072662353072e+00
2.292000055313110352e+00
2.301332950592041016e+00
2.345999956130981001e+00
2.400000095367432085e+00
2.466000080108642578e+00
2.465332984924316406e+00
2.535332918167114258e+00
2.529999971389770508e+00
2.501332998275756836e+00
2.500667095184326172e+00
2.553333044052124023e+00
2.516000032424926758e+00
2.542000055313110352e+00
2.611332893371582031e+00
2.631999969482421875e+00
2.615999937057495117e+00
2.561332941055297852e+00
2.526000022888184038e+00
2.563333034515380859e+00
2.551332950592041016e+00
2.469332933425903764e+00
2.618666887283325195e+00
2.569333076477050781e+00
2.344000101089477095e+00
2.407332897186279741e+00
2.292000055313110352e+00
2.295332908630371094e+00
2.339999914169311523e+00
2.322000026702880859e+00
2.309999942779541016e+00
2.371999979019165039e+00
2.443332910537720171e+00
2.512666940689086914e+00
2.548666954040527788e+00
2.564666986465454102e+00
2.606667041778564453e+00
2.608000040054321289e+00
2.598666906356811523e+00
2.456666946411132812e+00
2.352667093276977095e+00
2.343333005905151811e+00
2.338666915893554688e+00
2.396667003631591797e+00
2.400666952133178711e+00
2.441333055496215820e+00
2.502000093460083008e+00
2.523999929428100586e+00
2.543999910354614258e+00
2.526000022888184038e+00
2.928667068481445312e+00
2.956000089645385742e+00
2.740000009536743164e+00
2.800667047500610352e+00
2.757999897003173828e+00
2.788666963577270508e+00
2.700000047683715820e+00
2.790667057037353072e+00
2.905999898910522461e+00
2.916666984558105025e+00
2.886667013168334961e+00
3.039333105087280273e+00
3.029999971389770508e+00
3.131333112716674805e+00
3.188667058944702148e+00
3.345999956130981001e+00
3.400666952133178711e+00
3.361999988555908203e+00
3.466666936874389648e+00
3.413332939147949219e+00
3.662667036056518999e+00
3.599333047866821289e+00
3.552000045776367188e+00
3.607332944869995117e+00
3.636667013168334961e+00
3.966666936874389648e+00
3.700666904449462891e+00
3.719332933425903320e+00
4.626667022705078125e+00
5.117332935333251953e+00
5.853332996368408203e+00
5.549333095550537109e+00
5.656000137329101562e+00
6.150000095367431641e+00
6.099999904632568359e+00
5.995999813079833984e+00
5.839333057403564453e+00
5.815999984741210938e+00
6.182000160217285156e+00
6.472000122070312500e+00
7.355332851409912109e+00
6.975333213806152344e+00
6.996666908264160156e+00
6.517333030700683594e+00
6.172667026519775391e+00
6.322667121887207031e+00
6.357999801635742188e+00
6.489999771118164062e+00
6.802667140960693359e+00
6.670000076293945312e+00
6.297999858856201172e+00
6.515333175659179688e+00
6.545332908630371094e+00
6.686666965484619141e+00
6.813333034515380859e+00
6.892666816711425781e+00
6.978666782379150391e+00
6.710000038146972656e+00
6.636666774749755859e+00
6.765999794006347656e+00
6.826666831970214844e+00
7.047999858856201172e+00
7.283332824707031250e+00
7.157332897186279297e+00
7.811999797821044922e+00
7.854667186737058771e+00
7.682666778564453125e+00
8.005999565124511719e+00
8.107333183288574219e+00
8.229999542236328125e+00
8.151332855224609375e+00
8.373999595642089844e+00
8.659999847412109375e+00
8.484000205993652344e+00
7.269999980926513672e+00
8.016667366027832031e+00
7.935332775115966797e+00
7.978666782379150391e+00
8.161999702453613281e+00
8.182666778564453125e+00
8.113332748413085938e+00
8.271332740783691406e+00
8.626000404357910156e+00
8.974666595458984375e+00
8.782667160034179688e+00
8.951999664306640625e+00
9.036666870117187500e+00
9.199999809265136719e+00
9.645333290100097656e+00
9.476667404174804688e+00
8.948666572570800781e+00
1.023200035095214844e+01
1.019999980926513672e+01
9.825332641601562500e+00
9.695332527160644531e+00
9.290666580200195312e+00
9.311332702636720526e+00
9.466667175292968750e+00
9.659999847412109375e+00
9.972000122070312500e+00
9.857333183288574219e+00
1.047333335876464844e+01
1.078933334350585938e+01
1.094799995422363281e+01
1.113399982452392578e+01
1.109666728973388850e+01
1.107066726684570312e+01
1.126666736602783203e+01
1.126266670227050781e+01
1.137466716766357422e+01
1.132866668701172053e+01
1.113133335113525391e+01
1.071333312988281250e+01
1.109133338928222834e+01
1.090133285522460938e+01
1.099533271789550781e+01
1.103600025177001953e+01
1.110533332824707031e+01
1.108199977874756037e+01
1.108133316040039062e+01
1.186133289337158203e+01
1.222599983215332031e+01
1.207400035858154475e+01
1.215533256530761541e+01
1.234933280944824219e+01
1.257600021362304865e+01
1.272666740417480469e+01
1.289133262634277166e+01
1.286666679382324219e+01
1.206333255767822443e+01
1.155399990081787287e+01
1.206533336639404475e+01
1.220466709136962713e+01
1.164866733551025391e+01
1.125199985504150391e+01
1.152866744995117188e+01
1.191333293914794922e+01
1.198133277893066406e+01
1.226266670227050781e+01
1.223733329772949219e+01
1.218666744232177557e+01
1.222666740417480469e+01
1.150666713714599609e+01
1.143599987030029119e+01
1.096666717529296875e+01
1.154333305358886719e+01
1.131066703796386719e+01
1.085733318328857422e+01
1.096466732025146484e+01
1.061466693878173828e+01
1.066266727447509766e+01
1.081133270263672053e+01
1.168000030517577947e+01
1.178733253479004084e+01
1.007733345031738459e+01
9.317999839782716620e+00
9.196666717529296875e+00
9.646666526794433594e+00
9.186667442321775567e+00
9.246666908264160156e+00
9.173333168029783380e+00
9.029999732971191406e+00
8.105333328247070312e+00
8.406000137329101562e+00
8.074000358581542969e+00
8.140000343322753906e+00
8.092000007629394531e+00
8.055999755859375000e+00
8.033332824707031250e+00
8.462667465209960938e+00
8.485333442687988281e+00
8.277999877929687500e+00
9.646666526794433594e+00
9.263333320617675781e+00
9.365332603454589844e+00
9.157333374023437500e+00
9.439999580383300781e+00
9.479332923889160156e+00
9.310000419616699219e+00
9.831333160400390625e+00
9.843333244323730469e+00
9.862667083740234375e+00
1.016399955749511541e+01
9.865332603454589844e+00
9.381333351135253906e+00
9.549332618713380683e+00
9.569999694824220526e+00
1.009399986267089844e+01
1.036666679382324219e+01
1.007466697692871271e+01
1.016266727447509766e+01
1.002866744995117188e+01
1.000666713714599609e+01
9.970666885375976562e+00
9.800000190734863281e+00
9.957332611083984375e+00
1.008533287048339844e+01
9.835332870483398438e+00
9.714667320251464844e+00
9.289333343505859375e+00
1.075133323669433594e+01
1.094200038909911932e+01
1.139799976348876953e+01
1.133399963378906250e+01
1.177866744995117188e+01
1.190400028228759766e+01
1.210000038146972834e+01
1.164000034332275391e+01
1.130799961090088068e+01
1.189200019836425781e+01
1.168200016021728338e+01
1.218933296203613281e+01
1.209399986267089844e+01
1.180733299255371271e+01
1.191533279418945135e+01
1.162800025939941406e+01
1.189200019836425781e+01
1.243533325195312322e+01
1.310400009155273438e+01
1.310799980163574219e+01
1.302133274078369141e+01
1.330866718292236328e+01
1.321533298492431641e+01
1.357999992370605646e+01
1.290933322906493963e+01
1.399800014495849609e+01
1.397333335876464844e+01
1.451000022888183594e+01
1.653333282470703125e+01
1.686666679382324219e+01
1.683600044250488281e+01
1.632066726684570312e+01
1.670400047302246094e+01
1.698933219909667969e+01
1.684399986267089844e+01
1.686266708374023438e+01
1.641399955749511719e+01
1.592266654968261541e+01
1.562733268737792969e+01
1.609933280944824219e+01
1.585266685485839844e+01
1.539799976348876953e+01
1.559866714477539062e+01
1.600266647338867188e+01
1.572266674041748047e+01
1.566066741943359375e+01
1.525933265686035156e+01
1.467800045013427557e+01
1.469600009918212713e+01
1.419733333587646484e+01
1.382133293151855646e+01
1.415799999237060369e+01
1.389666652679443359e+01
1.446466732025146484e+01
1.535266685485839844e+01
1.502666664123535156e+01
1.414866733551025391e+01
1.383466720581054865e+01
1.436400032043457031e+01
1.446199989318847656e+01
1.361266708374023438e+01
1.358533287048339844e+01
1.320600032806396484e+01
1.292733287811279119e+01
1.327400016784667969e+01
1.320800018310546875e+01
1.362533283233642578e+01
1.457600021362304865e+01
1.386600017547607422e+01
1.385733318328857422e+01
1.332333278656006037e+01
1.323400020599365234e+01
1.379466724395751953e+01
1.385933303833007812e+01
1.384866714477539062e+01
1.406066703796386719e+01
1.444066715240478338e+01
1.381866741180419922e+01
1.342333316802978338e+01
1.190600013732910156e+01
1.215066719055175781e+01
1.231133270263672053e+01
1.267733287811279119e+01
1.270800018310546875e+01
1.257266712188720881e+01
1.277066707611083984e+01
1.307266712188720881e+01
1.302000045776367188e+01
1.329666709899902344e+01
1.365866661071777166e+01
1.381999969482422053e+01
1.410400009155273438e+01
1.401599979400634766e+01
1.401599979400634766e+01
1.385133266448974609e+01
1.364666652679443359e+01
1.366266727447509766e+01
1.359933280944824219e+01
1.379333305358886719e+01
1.387800025939941406e+01
1.368733310699462713e+01
1.348666667938232422e+01
1.363133335113525391e+01
1.356799983978271662e+01
1.376133346557617188e+01
1.497399997711181641e+01
1.544466686248779119e+01
1.514133262634277166e+01
1.518599987030029119e+01
1.530599975585937678e+01
1.581466674804687678e+01
1.550000000000000000e+01
1.579266738891601562e+01
1.570666694641113281e+01
1.593733310699462713e+01
1.600399971008300781e+01
1.598133277893066406e+01
1.529533290863037287e+01
1.528333282470703125e+01
1.484399986267089844e+01
1.460466670989990234e+01
1.487066745758056641e+01
1.463066673278808594e+01
1.454199981689453125e+01
1.511333274841308594e+01
1.463866710662841797e+01
1.447733306884765625e+01
1.435999965667724609e+01
1.466800022125243963e+01
1.470266723632812322e+01
1.463866710662841797e+01
1.483266735076904475e+01
1.490266704559326172e+01
1.490466690063476562e+01
1.498799991607666016e+01
1.500066661834716797e+01
1.526133346557617188e+01
1.488666725158691406e+01
1.555133342742919922e+01
1.590133285522460938e+01
1.589933300018310369e+01
1.659533309936523438e+01
1.682600021362304688e+01
1.654199981689453125e+01
1.728800010681152344e+01
1.733066749572753906e+01
1.735400009155273438e+01
1.742533302307128906e+01
1.746733283996582031e+01
1.732933235168457031e+01
1.711733245849609375e+01
1.704733276367187500e+01
1.695599937438964844e+01
1.711866760253906250e+01
1.750333213806152344e+01
1.744933319091796875e+01
1.754999923706054688e+01
1.759066772460937500e+01
1.797999954223632812e+01
1.894133377075195668e+01
1.874600028991699219e+01
1.906933212280273082e+01
1.849266624450683949e+01
1.880733299255371094e+01
1.856533241271972656e+01
1.873999977111816406e+01
1.868733215332031250e+01
1.861333274841308949e+01
1.692399978637695312e+01
1.738266754150390625e+01
1.742533302307128906e+01
1.758799934387207031e+01
1.728800010681152344e+01
1.666866683959960938e+01
1.669400024414062500e+01
1.680933380126953125e+01
1.646333312988281250e+01
1.644000053405761719e+01
1.635066795349121094e+01
1.617866706848144531e+01
1.601600074768066406e+01
1.676133346557617188e+01
1.701399993896484375e+01
1.737466621398925781e+01
1.730466651916503906e+01
1.728533363342285156e+01
1.713400077819824219e+01
1.579399967193603516e+01
1.497266674041748047e+01
1.513733291625976562e+01
1.531333255767822443e+01
1.509000015258789062e+01
1.516533279418945135e+01
1.536466693878173828e+01
1.568933296203613281e+01
1.540666675567626953e+01
1.568599987030029119e+01
1.568266677856445135e+01
1.477799987792968750e+01
1.618466758728027344e+01
1.587333297729492188e+01
1.591066741943359375e+01
1.611333274841308594e+01
1.617266654968261719e+01
1.592866706848144354e+01
1.539799976348876953e+01
1.608133316040039062e+01
1.601333236694335938e+01
1.612866783142089844e+01
1.673866653442382812e+01
1.660666656494140625e+01
1.678000068664550781e+01
1.724533271789550781e+01
1.693199920654296875e+01
1.718000030517578125e+01
1.651600074768066406e+01
1.658066749572753906e+01
1.618533325195312500e+01
1.644799995422363281e+01
1.653933334350585938e+01
1.656266784667968750e+01
1.630133247375488281e+01
1.544266700744628729e+01
1.542866706848144354e+01
1.528666687011718750e+01
1.521866703033447266e+01
1.491399955749511541e+01
1.429066658020019531e+01
1.445933341979980469e+01
1.398933315277099609e+01
1.392533302307128729e+01
1.380000019073486328e+01
1.360266685485839844e+01
1.318733310699462713e+01
1.372133255004882812e+01
1.455066680908203125e+01
1.461933326721191406e+01
1.484000015258789062e+01
1.473133277893066406e+01
1.481733322143554865e+01
1.518799972534179688e+01
1.504733276367187678e+01
1.481533336639404475e+01
1.482733345031738459e+01
1.462066745758056641e+01
1.400599956512451172e+01
1.408533287048339844e+01
1.406333255767822443e+01
1.404133319854736328e+01
1.377733325958251953e+01
1.348066711425781250e+01
1.361666679382324219e+01
1.284599971771240234e+01
1.279133319854736328e+01
1.287133312225341797e+01
1.279533290863037287e+01
1.310466670989990234e+01
1.344133281707763672e+01
1.341933345794677557e+01
1.377000045776367188e+01
1.373200035095214844e+01
1.329133319854736328e+01
1.368000030517577947e+01
1.357333278656006037e+01
1.406266689300537287e+01
1.455733299255371271e+01
1.456999969482422053e+01
1.473266696929931641e+01
1.449066734313964844e+01
1.449866676330566406e+01
1.441933345794677557e+01
1.418666744232177557e+01
1.352533340454101562e+01
1.358466720581054865e+01
1.362333297729492188e+01
1.363066673278808594e+01
1.411400032043457031e+01
1.447399997711181641e+01
1.382266712188720881e+01
1.360733318328857422e+01
1.358399963378906250e+01
1.381266689300537287e+01
1.355599975585937678e+01
1.315533256530761541e+01
1.330399990081787287e+01
1.349600028991699219e+01
1.337533283233642578e+01
1.292533302307128729e+01
1.272533321380615234e+01
1.268799972534179688e+01
1.291600036621093750e+01
1.273799991607666016e+01
1.257866668701172053e+01
1.304666709899902344e+01
1.298200035095214844e+01
1.338066673278808594e+01
1.304333305358886719e+01
1.320533275604248047e+01
1.330866718292236328e+01
1.344799995422363281e+01
1.295333290100097656e+01
1.269400024414062322e+01
1.233333301544189631e+01
1.270466709136962713e+01
1.258466720581054865e+01
1.250599956512451172e+01
1.273333263397216797e+01
1.353999996185302734e+01
1.355000019073486328e+01
1.384466743469238459e+01
1.400599956512451172e+01
1.406000041961669922e+01
1.398533344268798828e+01
1.383066654205322443e+01
1.385533332824707031e+01
1.377999973297119141e+01
1.378600025177001953e+01
1.368466663360595525e+01
1.396066665649414062e+01
1.462933254241943359e+01
1.457333278656006037e+01
1.456200027465820312e+01
1.543666744232177557e+01
1.536533260345458984e+01
1.549666690826416016e+01
1.506999969482422053e+01
1.506866741180419922e+01
1.536733341217041016e+01
1.552999973297119141e+01
1.536200046539306641e+01
1.578666687011718750e+01
1.577400016784667969e+01
1.596599960327148438e+01
1.631599998474121094e+01
1.621199989318847656e+01
1.627333259582519531e+01
1.658933258056640625e+01
1.658333206176757812e+01
1.647599983215332031e+01
1.629000091552734375e+01
1.637466621398925781e+01
1.651533317565917969e+01
1.649733352661132812e+01
1.649533271789550781e+01
1.676333236694335938e+01
1.671999931335449219e+01
1.662999916076660156e+01
1.655666732788085938e+01
1.659933280944824219e+01
1.639466667175292969e+01
1.660933303833007812e+01
1.708600044250488281e+01
1.706666755676269531e+01
1.671333312988281250e+01
1.676066780090332031e+01
1.671266746520996094e+01
1.669199943542480469e+01
1.687466621398925781e+01
1.736066627502441406e+01
1.745933341979980469e+01
1.750066757202148438e+01
1.731933212280273438e+01
1.784466743469238281e+01
1.767799949645996094e+01
1.791933250427246094e+01
1.780599975585937500e+01
1.746800041198730469e+01
1.788400077819824219e+01
1.794333267211914062e+01
1.866799926757812500e+01
1.864800071716308949e+01
1.785866737365722656e+01
1.699733352661132812e+01
1.719466781616210938e+01
1.727666664123535156e+01
1.747733306884765625e+01
1.770999908447265625e+01
1.754266738891601562e+01
1.777866744995117188e+01
1.831066703796386719e+01
1.881733322143554688e+01
1.778466606140136719e+01
1.785799980163574219e+01
1.781333351135253906e+01
1.769400024414062500e+01
1.686733245849609375e+01
1.765466690063476562e+01
1.758799934387207031e+01
1.778599929809570312e+01
1.774333381652832031e+01
1.733266639709472656e+01
1.775200080871582031e+01
1.800866699218750000e+01
1.640866661071777344e+01
1.616733360290527344e+01
1.607600021362304688e+01
1.582466697692871271e+01
1.587800025939941406e+01
1.616733360290527344e+01
1.620999908447265625e+01
1.699933242797851562e+01
1.738133239746093750e+01
1.701666641235351562e+01
1.614533233642578125e+01
1.538466739654541016e+01
1.459133338928222834e+01
1.466866683959960938e+01
1.498933315277099609e+01
1.619933319091796875e+01
1.656533241271972656e+01
1.660400009155273438e+01
1.590866661071777166e+01
1.651266670227050781e+01
1.637133216857910156e+01
1.612866783142089844e+01
1.654466629028320312e+01
1.659399986267089844e+01
1.656533241271972656e+01
1.668266677856445312e+01
1.687933349609375000e+01
1.690466690063476562e+01
1.748333358764648438e+01
1.747133255004882812e+01
1.737466621398925781e+01
1.761333274841308594e+01
1.739599990844726562e+01
1.740399932861328125e+01
1.754133224487304688e+01
1.712733268737792969e+01
1.656200027465820312e+01
1.644333267211914062e+01
1.655999946594238281e+01
1.599199962615966797e+01
1.650466728210449219e+01
1.640999984741210938e+01
1.609733390808105469e+01
1.546399974822998047e+01
1.511466693878173828e+01
1.471266746520995916e+01
1.437199974060058594e+01
1.461666679382324219e+01
1.445866680145263672e+01
1.475399971008300781e+01
1.513399982452392578e+01
1.520666694641113281e+01
1.420199966430664062e+01
1.400599956512451172e+01
1.411466693878173828e+01
1.393933296203613281e+01
1.435066699981689631e+01
1.402333259582519531e+01
1.419733333587646484e+01
1.410866737365722834e+01
1.379533290863037287e+01
1.425266742706298828e+01
1.389000034332275391e+01
1.544200038909911932e+01
1.545133304595947266e+01
1.549066734313964844e+01
1.502200031280517578e+01
1.443333339691161932e+01
1.460533332824707031e+01
1.419600009918212713e+01
1.381266689300537287e+01
1.428733253479004084e+01
1.426666736602783203e+01
1.473799991607666016e+01
1.478666687011718750e+01
1.466733264923095525e+01
1.451666736602783203e+01
1.455000019073486328e+01
1.530933284759521662e+01
1.544066715240478338e+01
1.535066699981689631e+01
1.581266689300537287e+01
1.546599960327148438e+01
1.551399993896484375e+01
1.535866737365722834e+01
1.540866661071777166e+01
1.511466693878173828e+01
1.496800041198730469e+01
1.513799953460693359e+01
1.446800041198730469e+01
1.457199954986572443e+01
1.473933315277099609e+01
1.563399982452392578e+01
1.555933284759521662e+01
1.536400032043457031e+01
1.550399971008300781e+01
1.532999992370605646e+01
1.531333255767822443e+01
1.537133312225341797e+01
1.526333332061767578e+01
1.581266689300537287e+01
1.587266731262207031e+01
1.600066757202148438e+01
1.489400005340576172e+01
1.489533329010009766e+01
1.460266685485839844e+01
1.437666702270507812e+01
1.406666660308838068e+01
1.385666656494140625e+01
1.399800014495849609e+01
1.335400009155273438e+01
1.374533271789550781e+01
1.366600036621093750e+01
1.364799976348876953e+01
1.324666690826416016e+01
1.333133316040039062e+01
1.350333309173583984e+01
1.309200000762939631e+01
1.290400028228759766e+01
1.253800010681152344e+01
1.264666652679443359e+01
1.274666690826416016e+01
1.312933254241943359e+01
1.218533325195312322e+01
1.156533336639404475e+01
1.168866729736327947e+01
1.084000015258789062e+01
9.866000175476074219e+00
9.883333206176757812e+00
9.578000068664550781e+00
1.003133296966552734e+01
1.006933307647705078e+01
1.034466743469238459e+01
1.124533271789550781e+01
1.111800003051757812e+01
1.110533332824707031e+01
1.184933280944824219e+01
1.181400012969970881e+01
1.193333339691161932e+01
1.249533271789550781e+01
1.268933296203613281e+01
1.279533290863037287e+01
1.242333316802978338e+01
1.255599975585937678e+01
1.304933261871338068e+01
1.340266704559326172e+01
1.368599987030029119e+01
1.350666713714599609e+01
1.391466712951660156e+01
1.367866706848144354e+01
1.383333301544189631e+01
1.434333324432373047e+01
1.455599975585937678e+01
1.479533290863037287e+01
1.509200000762939631e+01
1.551599979400634766e+01
1.588799953460693359e+01
1.561600017547607422e+01
1.483866691589355646e+01
1.518333339691161932e+01
1.535066699981689631e+01
1.534200000762939631e+01
1.512600040435791016e+01
1.531799983978271662e+01
1.583933258056640625e+01
1.646599960327148438e+01
1.703133392333984375e+01
1.769466781616210938e+01
1.714666748046875000e+01
1.667133331298828125e+01
1.666133308410644531e+01
1.652133369445800781e+01
1.696866607666015625e+01
1.679066658020019531e+01
1.696733283996582031e+01
1.692533302307128906e+01
1.649133300781250000e+01
1.666466712951660156e+01
1.655266761779785156e+01
1.691666793823242188e+01
1.678800010681152344e+01
1.691600036621093750e+01
1.676466751098632812e+01
1.651399993896484375e+01
1.605066680908203125e+01
1.612000083923339844e+01
1.548799991607666016e+01
1.483733272552490234e+01
1.410200023651123047e+01
1.432866668701172053e+01
1.392800045013427557e+01
1.391266727447509766e+01
1.393066692352294922e+01
1.381866741180419922e+01
1.384066677093506037e+01
1.388599967956542969e+01
1.364400005340576172e+01
1.407800006866455078e+01
1.434733295440673828e+01
1.468533325195312322e+01
1.441466712951660156e+01
1.452733325958251953e+01
1.463866710662841797e+01
1.500800037384033203e+01
1.486933326721191406e+01
1.488199996948242188e+01
1.463733291625976562e+01
1.459733295440673828e+01
1.459933280944824219e+01
1.471199989318847656e+01
1.548933315277099609e+01
1.570133304595947266e+01
1.529066658020019531e+01
1.458600044250488459e+01
1.452466678619384766e+01
1.433066654205322443e+01
1.451333332061767578e+01
1.452866744995117188e+01
1.436466693878173828e+01
1.464666652679443359e+01
1.464066696166992188e+01
1.311066722869873047e+01
1.309333324432373047e+01
1.287666702270507812e+01
1.323666667938232422e+01
1.345266723632812322e+01
1.401266670227050781e+01
1.415200042724609375e+01
1.443333339691161932e+01
1.426533317565917969e+01
1.429599952697754084e+01
1.439599990844726562e+01
1.445199966430664062e+01
1.498533344268798828e+01
1.497666740417480469e+01
1.483533287048339844e+01
1.476866722106933594e+01
1.469333267211914062e+01
1.508333301544189631e+01
1.501733303070068359e+01
1.522399997711181641e+01
1.469999980926513672e+01
1.481799983978271662e+01
1.533399963378906250e+01
1.530066680908203125e+01
1.523266696929931641e+01
1.537399959564208984e+01
1.565266704559326172e+01
1.533399963378906250e+01
1.514666652679443359e+01
1.505266666412353516e+01
1.537399959564208984e+01
1.533533287048339844e+01
1.507733345031738459e+01
1.527200031280517578e+01
1.504333305358886719e+01
1.499400043487548828e+01
1.504066658020019531e+01
1.503933334350585938e+01
1.490733337402343750e+01
1.488266658782958984e+01
1.490066719055175781e+01
1.500000000000000000e+01
1.486200046539306641e+01
1.498933315277099609e+01
1.484133338928222834e+01
1.473066711425781250e+01
1.466600036621093750e+01
1.434666728973388850e+01
1.408933258056640625e+01
1.413399982452392578e+01
1.338466739654541016e+01
1.318533325195312322e+01
1.352200031280517578e+01
1.344733333587646484e+01
1.315733337402343750e+01
1.296466732025146484e+01
1.322000026702880859e+01
1.306999969482422053e+01
1.309399986267089844e+01
1.336133289337158203e+01
1.369333267211914062e+01
1.375599956512451172e+01
1.364266681671142578e+01
1.368133258819580078e+01
1.376200008392333984e+01
1.382999992370605646e+01
1.393266677856445135e+01
1.372066688537597656e+01
1.375133323669433594e+01
1.338000011444091797e+01
1.360200023651123047e+01
1.424666690826416016e+01
1.409399986267089844e+01
1.389733314514160156e+01
1.339999961853027166e+01
1.310733318328857422e+01
1.339666652679443359e+01
1.334000015258789062e+01
1.343400001525878729e+01
1.334933280944824219e+01
1.310066699981689631e+01
1.293066692352294922e+01
1.327333259582519531e+01
1.357066726684570312e+01
1.327333259582519531e+01
1.333933258056640625e+01
1.351733303070068359e+01
1.348933315277099609e+01
1.348266696929931641e+01
1.360066699981689631e+01
1.333133316040039062e+01
1.318200016021728338e+01
1.271933269500732422e+01
1.253466701507568359e+01
1.249466705322265625e+01
1.270400047302245916e+01
1.288066673278808594e+01
1.299600028991699219e+01
1.267066669464111150e+01
1.235666656494140625e+01
1.257066726684570312e+01
1.209666728973388850e+01
1.225133323669433594e+01
1.226200008392333984e+01
1.257733345031738459e+01
1.233466720581054865e+01
1.230133342742919922e+01
1.274466705322265625e+01
1.287600040435791016e+01
1.310999965667724609e+01
1.307466697692871271e+01
1.263799953460693359e+01
1.262666702270507812e+01
1.212533283233642578e+01
1.209799957275390625e+01
1.245333290100097656e+01
1.239000034332275391e+01
1.287666702270507812e+01
1.281933307647705078e+01
1.281200027465820312e+01
1.282866668701172053e+01
1.321000003814697266e+01
1.324600028991699219e+01
1.317199993133544922e+01
1.349933338165283203e+01
1.351533317565917969e+01
1.391933345794677557e+01
1.384666728973388850e+01
1.389666652679443359e+01
1.422266674041748047e+01
1.463533306121826172e+01
1.464933300018310369e+01
1.431200027465820312e+01
1.424600028991699219e+01
1.446599960327148438e+01
1.513266658782958984e+01
1.511666679382324219e+01
1.526733303070068359e+01
1.541866683959960938e+01
1.532466697692871271e+01
1.531533336639404475e+01
1.530599975585937678e+01
1.585000038146972834e+01
1.570533275604248047e+01
1.589066696166992188e+01
1.625066757202148438e+01
1.631533241271972656e+01
1.659466743469238281e+01
1.697400093078613281e+01
1.696466636657714844e+01
1.683399963378906250e+01
1.686333274841308594e+01
1.670866775512695312e+01
1.679533386230468750e+01
1.661599922180175781e+01
1.677000045776367188e+01
1.675533294677734375e+01
1.718466758728027344e+01
1.716533279418945312e+01
1.747200012207031250e+01
1.794666671752929688e+01
1.794866752624511719e+01
1.870666694641113281e+01
1.873200035095214844e+01
1.865066719055176137e+01
1.793000030517578125e+01
1.814866638183593750e+01
1.849266624450683949e+01
1.823399925231933594e+01
1.706599998474121094e+01
1.713333320617675781e+01
1.641533279418945312e+01
1.666600036621093750e+01
1.666799926757812500e+01
1.669866752624511719e+01
1.677133369445800781e+01
1.674733352661132812e+01
1.657266616821289062e+01
1.645800018310546875e+01
1.632666778564453125e+01
1.624600028991699219e+01
1.641133308410644531e+01
1.720000076293945312e+01
1.704866790771484375e+01
1.746999931335449219e+01
1.743333244323730469e+01
1.746133232116699219e+01
1.671199989318847656e+01
1.700066757202148438e+01
1.698533248901367188e+01
1.754400062561035156e+01
1.801466751098632812e+01
1.849666786193848012e+01
1.849200057983398438e+01
1.852799987792968750e+01
1.855333328247070312e+01
1.990133285522460938e+01
2.024666786193848012e+01
1.966666793823242543e+01
1.991333389282226562e+01
2.016933250427246094e+01
2.082600021362304688e+01
2.058066749572753906e+01
1.978933334350585938e+01
2.026666641235351918e+01
2.009600067138671875e+01
2.001666641235351918e+01
2.036800003051757457e+01
2.016733360290527699e+01
2.037333297729491832e+01
2.053533363342285156e+01
2.091933250427246094e+01
2.067799949645996094e+01
2.057533264160155895e+01
2.093799972534180043e+01
2.152199935913085938e+01
2.125933265686035156e+01
2.073466682434082031e+01
1.969733238220214844e+01
2.055666732788085938e+01
2.047933387756348012e+01
2.141733360290527699e+01
2.168133354187012074e+01
2.154000091552734375e+01
2.165399932861328125e+01
2.105866622924804688e+01
2.113400077819823863e+01
2.040733337402344105e+01
2.087066650390625000e+01
2.072200012207031250e+01
2.069000053405761719e+01
2.025733375549316406e+01
2.068133354187012074e+01
2.112199974060058238e+01
2.167600059509277344e+01
2.234000015258789062e+01
2.273399925231933594e+01
2.269133377075195668e+01
2.265666770935058238e+01
2.315466690063476918e+01
2.352333259582519531e+01
2.397666740417480469e+01
2.466666793823242543e+01
2.382133293151855469e+01
2.393400001525878906e+01
2.506333351135253906e+01
2.537733268737792969e+01
2.502266693115234375e+01
2.476000022888183949e+01
2.465333366394042969e+01
2.481599998474121094e+01
2.509333229064941051e+01
2.550733375549316406e+01
2.556333351135253906e+01
2.516600036621093750e+01
2.415800094604491832e+01
2.474933242797851918e+01
2.404999923706054688e+01
2.410733222961425426e+01
2.350799942016601562e+01
2.180599975585937145e+01
2.058866691589355469e+01
2.088133239746093750e+01
2.106999969482421875e+01
2.181466674804687500e+01
2.196800041198730469e+01
2.156066703796386719e+01
2.185199928283691762e+01
2.130466651916503906e+01
2.188266754150390270e+01
2.168400001525878906e+01
2.199466705322265625e+01
2.189333343505859730e+01
2.283466720581054688e+01
2.263999938964844105e+01
2.292333221435546875e+01
2.229733276367187500e+01
2.233799934387207031e+01
2.156466674804687500e+01
2.130466651916503906e+01
2.172599983215332031e+01
2.313933372497558238e+01
2.379400062561035156e+01
2.367799949645996094e+01
2.434799957275390270e+01
2.423533248901367188e+01
2.369333267211914062e+01
2.385799980163574574e+01
2.425333213806152344e+01
2.415533256530761719e+01
2.419400024414062500e+01
2.346133232116699219e+01
2.316399955749512074e+01
2.252400016784667969e+01
2.275666618347167969e+01
2.351799964904785156e+01
2.352866744995116832e+01
2.320333290100097656e+01
2.304400062561035156e+01
2.315733337402344105e+01
2.354533386230468750e+01
2.372666740417480469e+01
2.369333267211914062e+01
2.330599975585937145e+01
2.296866607666015980e+01
2.337400054931640625e+01
2.289333343505859730e+01
2.424600028991699219e+01
2.418333244323730469e+01
2.441533279418945312e+01
2.517600059509277344e+01
2.532066726684570312e+01
2.566666793823242543e+01
2.500666618347167969e+01
2.492733383178710938e+01
2.443199920654296875e+01
2.340600013732910156e+01
2.299933242797851918e+01
2.301666641235351918e+01
2.273133277893066406e+01
2.263999938964844105e+01
2.273999977111816406e+01
2.276866722106933594e+01
2.320933341979980469e+01
2.366733360290527699e+01
2.368866729736328125e+01
2.379199981689453125e+01
2.286266708374023438e+01
2.370599937438964844e+01
2.363999938964844105e+01
2.371199989318848012e+01
2.370466613769531250e+01
2.337333297729491832e+01
2.371666717529296875e+01
2.397666740417480469e+01
2.345400047302246094e+01
2.300666618347167969e+01
2.246800041198730469e+01
2.248933219909667969e+01
2.172266769409180043e+01
2.174466705322265625e+01
2.139133262634277344e+01
2.133866691589355469e+01
2.210199928283691762e+01
2.140533256530761719e+01
1.995066642761230469e+01
2.040600013732910156e+01
2.018533325195312500e+01
2.040333366394042969e+01
2.029266738891601562e+01
2.019933319091796875e+01
2.019933319091796875e+01
2.102666664123535156e+01
2.057999992370605113e+01
2.075333213806152344e+01
2.083333206176757457e+01
2.100333213806152344e+01
2.058266639709472656e+01
2.118733215332031250e+01
2.084000015258789062e+01
2.103666687011718750e+01
2.112066650390625000e+01
2.117000007629394531e+01
2.050266647338867188e+01
2.059000015258789062e+01
2.043533325195312500e+01
2.034666633605957031e+01
2.024666786193848012e+01
2.088400077819823863e+01
2.074933242797851918e+01
2.100866699218750000e+01
2.192733383178710938e+01
2.273533248901367188e+01
2.260199928283691762e+01
2.252599906921386719e+01
2.289666748046875000e+01
2.259133338928222656e+01
2.207333374023437145e+01
2.193199920654296875e+01
2.211066627502441051e+01
2.168000030517578125e+01
2.115266609191894531e+01
2.077599906921386719e+01
2.102400016784667969e+01
2.075666618347167969e+01
2.136866760253906250e+01
2.114999961853027699e+01
2.097466659545898438e+01
2.110533332824707031e+01
2.242733383178710938e+01
2.224600028991699219e+01
2.231999969482421875e+01
2.253000068664550781e+01
2.241466712951660156e+01
2.267066764831542969e+01
2.314399909973144531e+01
2.297133255004882812e+01
2.333466720581054688e+01
2.343733215332031250e+01
2.351933288574218750e+01
2.305933380126953125e+01
2.250933265686035156e+01
2.285666656494140625e+01
2.330200004577636719e+01
2.305466651916503906e+01
2.362066650390625000e+01
2.328333282470703125e+01
2.291666793823242543e+01
2.220866775512695668e+01
2.226466751098632812e+01
2.300000000000000000e+01
2.101533317565917969e+01
2.069466781616210938e+01
2.104866790771484375e+01
2.157733345031738281e+01
2.148733329772948863e+01
2.227133369445800781e+01
2.236599922180176137e+01
2.231800079345703125e+01
2.221999931335448863e+01
2.307799911499023438e+01
2.346999931335448863e+01
2.382799911499023438e+01
2.339933204650878906e+01
2.287066650390625000e+01
2.206200027465820312e+01
2.234133338928222656e+01
2.222333335876464844e+01
2.187999916076660156e+01
2.215333366394042969e+01
2.194000053405761719e+01
2.181133270263671875e+01
2.303400039672851918e+01
2.278933334350585938e+01
2.177533340454101562e+01
2.170666694641113281e+01
2.142333221435546875e+01
2.090399932861328125e+01
2.070333290100097656e+01
2.110199928283691762e+01
2.060666656494140625e+01
2.010266685485839844e+01
2.027866744995116832e+01
1.861199951171875000e+01
1.718533325195312500e+01
1.774200057983398438e+01
1.683200073242187500e+01
1.783533287048339844e+01
1.912933349609375000e+01
2.038133239746093750e+01
1.995333290100097656e+01
1.931066703796386719e+01
2.031333351135253906e+01
2.006200027465820312e+01
1.960533332824707031e+01
2.002266693115234375e+01
1.941399955749512074e+01
1.917933273315429688e+01
1.955666732788085938e+01
2.000533294677734375e+01
1.934933280944823863e+01
1.889133262634277344e+01
1.889733314514160156e+01
1.871266746520996094e+01
1.903199958801269176e+01
1.960533332824707031e+01
1.959333229064941051e+01
1.999466705322265625e+01
2.007666778564453125e+01
1.896333312988280895e+01
1.960600090026855469e+01
2.018466758728027699e+01
2.013133239746093750e+01
2.045666694641113281e+01
2.033466720581054688e+01
2.007066726684570312e+01
1.946466636657714844e+01
1.894533348083496094e+01
1.909866714477539062e+01
1.896933364868164062e+01
1.845466613769531250e+01
1.896599960327148438e+01
1.833399963378906250e+01
1.860466766357421875e+01
1.852333259582519531e+01
1.859000015258789062e+01
1.891733360290527699e+01
1.944799995422363637e+01
1.898200035095214844e+01
1.945466613769531250e+01
1.978266716003417969e+01
1.940866661071777344e+01
2.129999923706054688e+01
2.107266616821289062e+01
2.117733383178710938e+01
2.213999938964844105e+01
2.285133361816406250e+01
2.298533248901367188e+01
2.384799957275390270e+01
2.387800025939941051e+01
2.472200012207031250e+01
2.350333213806152344e+01
2.414800071716308949e+01
2.316733360290527699e+01
2.224200057983398438e+01
2.220066642761230469e+01
2.279999923706054688e+01
2.296666717529296875e+01
2.332866668701171875e+01
2.286333274841308949e+01
2.233799934387207031e+01
2.072400093078613281e+01
2.061066627502441051e+01
2.059333229064941051e+01
2.123399925231933594e+01
2.149799919128417969e+01
2.126399993896484375e+01
2.111400032043457031e+01
2.125799942016601562e+01
2.067333221435546875e+01
2.151266670227050781e+01
2.159000015258789062e+01
2.134866714477539062e+01
2.090533256530761719e+01
2.021333312988280895e+01
1.982866668701171875e+01
2.058266639709472656e+01
2.044333267211914062e+01
1.981200027465820312e+01
1.934466743469238281e+01
1.987599945068359730e+01
2.005599975585937145e+01
2.330266761779785156e+01
2.321133232116699219e+01
2.279933357238769176e+01
2.530466651916503906e+01
2.468933296203613281e+01
2.349666786193848012e+01
2.369933319091796875e+01
2.376066780090332031e+01
2.317600059509277344e+01
2.257933235168457031e+01
2.236333274841308949e+01
2.036666679382323863e+01
2.056266784667968750e+01
2.145999908447265625e+01
2.144266700744628906e+01
2.134000015258789062e+01
2.152133369445800781e+01
2.128466606140136719e+01
2.079066658020019531e+01
2.033399963378906250e+01
2.020999908447265625e+01
2.011066627502441051e+01
1.926333236694335938e+01
1.871599960327148438e+01
1.872999954223632812e+01
1.754933357238769531e+01
1.903333282470703125e+01
1.862933349609375000e+01
1.936933326721191762e+01
1.929733276367187500e+01
1.968000030517578125e+01
1.965600013732910156e+01
1.899733352661132812e+01
1.993466758728027699e+01
1.988866615295410156e+01
1.994000053405761719e+01
1.997866630554199219e+01
2.006599998474121094e+01
2.063866615295410156e+01
2.050133323669433594e+01
1.765133285522460938e+01
2.071333312988280895e+01
2.006800079345703125e+01
1.965333366394042969e+01
1.878866767883300781e+01
1.746333312988281250e+01
1.670400047302246094e+01
1.752000045776367188e+01
1.712533378601074219e+01
1.681533241271972656e+01
1.725200080871582031e+01
1.730599975585937500e+01
1.843933296203613281e+01
1.811866760253906250e+01
1.759399986267089844e+01
1.733333206176757812e+01
1.739666748046875000e+01
1.960933303833008168e+01
1.923333358764648438e+01
2.099066734313964844e+01
2.205999946594238281e+01
2.232333374023437145e+01
2.199333381652832031e+01
2.248800086975097656e+01
2.295199966430664062e+01
2.309399986267089844e+01
2.276000022888183949e+01
2.273733329772948863e+01
2.321066665649414062e+01
2.342666625976562500e+01
2.336733245849609375e+01
2.208533287048339844e+01
2.258200073242187500e+01
2.293333244323730469e+01
2.322933387756348012e+01
2.362066650390625000e+01
2.356466674804687500e+01
2.316600036621093750e+01
2.254599952697753906e+01
2.172200012207031250e+01
2.306666755676269176e+01
2.292799949645996094e+01
2.319133377075195668e+01
2.274466705322265625e+01
2.336533355712890270e+01
2.389933204650878906e+01
2.397999954223632812e+01
2.420400047302246094e+01
2.386466789245605113e+01
2.434333229064941051e+01
2.445066642761230469e+01
2.444000053405761719e+01
2.511933326721191762e+01
2.438066673278808949e+01
2.322800064086914062e+01
2.246866607666015980e+01
2.219799995422363637e+01
2.102533340454101562e+01
2.131800079345703125e+01
1.969266700744628906e+01
2.173933219909667969e+01
2.107533264160155895e+01
2.225799942016601562e+01
2.218666648864746094e+01
2.067466735839844105e+01
2.002400016784667969e+01
2.117933273315429688e+01
2.233066749572753906e+01
2.235666656494140625e+01
2.256866645812988281e+01
2.299799919128417969e+01
2.315066719055176137e+01
2.229333305358886719e+01
2.296199989318848012e+01
2.306999969482421875e+01
2.315399932861328125e+01
2.015066719055176137e+01
1.992799949645996094e+01
1.917266654968261719e+01
1.943400001525878906e+01
1.980266761779785156e+01
1.975866699218750000e+01
1.983066749572753906e+01
2.058466720581054688e+01
2.046800041198730469e+01
2.081399917602539062e+01
2.085933303833008168e+01
2.142333221435546875e+01
2.114800071716308949e+01
2.050066757202148438e+01
2.038666725158691762e+01
2.085600090026855469e+01
2.078733253479003906e+01
2.054466629028320312e+01
2.025133323669433594e+01
2.052533340454101562e+01
2.037599945068359730e+01
2.017066764831542969e+01
1.941533279418945312e+01
1.964733314514160156e+01
1.991799926757812500e+01
1.985733222961425426e+01
2.098266792297363637e+01
2.132533264160155895e+01
1.965266609191894531e+01
1.902400016784667969e+01
1.843600082397460938e+01
1.841600036621093750e+01
1.843933296203613281e+01
1.894266700744628906e+01
1.939466667175292969e+01
1.889066696166991832e+01
1.926399993896484375e+01
1.933066749572753906e+01
1.836199951171875000e+01
1.796599960327148438e+01
1.783133316040039062e+01
1.823999977111816406e+01
1.826799964904785156e+01
1.763533210754394531e+01
1.736133384704589844e+01
1.785133361816406250e+01
1.832200050354003906e+01
1.857466697692871094e+01
1.865733337402344105e+01
1.927866744995116832e+01
1.905866622924804688e+01
1.945400047302246094e+01
1.785199928283691406e+01
1.833066749572753906e+01
1.821333312988280895e+01
1.815399932861328125e+01
1.840399932861328125e+01
1.789466667175292969e+01
1.784666633605957031e+01
1.775866699218750000e+01
1.822400093078613281e+01
1.808200073242187500e+01
1.821733283996582031e+01
1.751666641235351562e+01
1.759333229064941406e+01
1.724399948120117188e+01
1.650866699218750000e+01
1.567599964141845525e+01
1.609799957275390625e+01
1.591266727447509766e+01
1.560066699981689631e+01
1.627333259582519531e+01
1.700200080871582031e+01
1.702266693115234375e+01
1.647066688537597656e+01
1.632266616821289062e+01
1.613199996948242188e+01
1.596800041198730469e+01
1.513399982452392578e+01
1.548733329772949219e+01
1.546333312988281250e+01
1.522200012207031250e+01
1.406866741180419922e+01
1.369066715240478338e+01
1.367199993133544922e+01
1.284866714477539062e+01
1.303266716003417969e+01
1.270866680145263672e+01
1.257999992370605646e+01
1.265733337402343750e+01
1.254800033569335938e+01
1.234399986267089844e+01
1.193133258819580078e+01
1.290666675567626953e+01
1.310599994659423828e+01
1.372999954223632812e+01
1.363333320617675781e+01
1.419200038909911932e+01
1.447333335876464844e+01
1.395066738128661932e+01
1.426066684722900391e+01
1.432800006866455078e+01
1.500199985504150391e+01
1.498266696929931641e+01
1.509533309936523438e+01
1.464133262634277166e+01
1.479066658020019531e+01
1.490933322906493963e+01
1.465066719055175781e+01
1.461800003051757812e+01
1.485599994659423828e+01
1.489733314514160156e+01
1.514466667175292969e+01
1.497000026702880859e+01
1.565999984741210938e+01
1.553999996185302734e+01
1.535599994659423828e+01
1.533733272552490234e+01
1.592800045013427557e+01
1.590666675567626953e+01
1.633866691589355469e+01
1.689999961853027344e+01
1.682533264160156250e+01
1.699066734313964844e+01
1.690266609191894531e+01
1.721199989318847656e+01
1.704533386230468750e+01
1.734466743469238281e+01
1.765866661071777344e+01
1.525466728210449219e+01
1.520266723632812322e+01
1.571800041198730469e+01
1.615066719055175781e+01
1.610733222961425781e+01
1.559000015258789062e+01
1.562266731262207031e+01
1.522133255004882812e+01
1.538333320617675781e+01
1.556133270263672053e+01
1.588666725158691406e+01
1.566733264923095525e+01
1.526733303070068359e+01
1.566666698455810369e+01
1.464133262634277166e+01
1.437600040435791016e+01
1.466266727447509766e+01
1.512199974060058594e+01
1.505733299255371271e+01
1.472200012207031250e+01
1.481000041961669922e+01
1.409333324432373047e+01
1.433333301544189631e+01
1.427200031280517578e+01
1.437266731262207031e+01
1.478066730499267578e+01
1.504066658020019531e+01
1.500066661834716797e+01
1.471199989318847656e+01
1.530533313751220881e+01
1.516333293914794922e+01
1.545266723632812322e+01
1.570266723632812322e+01
1.647333335876464844e+01
1.639133262634277344e+01
1.634666633605957031e+01
1.618733215332031250e+01
1.631933212280273438e+01
1.623266792297363281e+01
1.644000053405761719e+01
1.604133224487304688e+01
1.608200073242187500e+01
1.488066673278808594e+01
1.524666690826416016e+01
1.617066764831542969e+01
1.614200019836425781e+01
1.605800056457519531e+01
1.631266784667968750e+01
1.620866775512695312e+01
1.553533267974853516e+01
1.542866706848144354e+01
1.584799957275390625e+01
1.600333213806152344e+01
1.630200004577636719e+01
1.631599998474121094e+01
1.652599906921386719e+01
1.713066673278808594e+01
1.719266700744628906e+01
1.731666755676269531e+01
1.746466636657714844e+01
1.712999916076660156e+01
1.689999961853027344e+01
1.703866767883300781e+01
1.697866630554199219e+01
1.997866630554199219e+01
2.187533378601074574e+01
2.184733390808105113e+01
2.108133316040039062e+01
2.100066757202148438e+01
2.099466705322265625e+01
2.088733291625976918e+01
2.116466712951660156e+01
2.114800071716308949e+01
2.177199935913085938e+01
2.236933326721191762e+01
2.247599983215332031e+01
2.300600051879882812e+01
2.332866668701171875e+01
2.307399940490722656e+01
2.329000091552734375e+01
2.347800064086914062e+01
2.333266639709472656e+01
2.396800041198730469e+01
2.348133277893066406e+01
2.365533256530761719e+01
2.220266723632812500e+01
2.242266654968261719e+01
2.192799949645996094e+01
2.208600044250488281e+01
2.199600028991699219e+01
2.232466697692871094e+01
2.241333389282226562e+01
2.220199966430664062e+01
2.202466773986816406e+01
2.239266777038574574e+01
2.263533210754394531e+01
2.325600051879882812e+01
2.351333236694335938e+01
2.397866630554199219e+01
2.389266777038574574e+01
2.543333244323730469e+01
2.526600074768066406e+01
2.620999908447265625e+01
2.693600082397460938e+01
2.703933334350585938e+01
2.794799995422363637e+01
2.835000038146972656e+01
2.872933387756348012e+01
2.869199943542480469e+01
2.764666748046875000e+01
2.788866615295410156e+01
2.868400001525878906e+01
2.953400039672851918e+01
3.010266685485839844e+01
3.127066612243652344e+01
3.280933380126953125e+01
3.208933258056640625e+01
3.187666702270508168e+01
3.499066543579101562e+01
3.586133193969726562e+01
3.456666564941406250e+01
3.423266601562500000e+01
3.403333282470703125e+01
3.647999954223632812e+01
3.797066879272460938e+01
3.814666748046875000e+01
3.765466690063476562e+01
3.720133209228516336e+01
3.779333114624024148e+01
3.873266601562500000e+01
4.272066879272460938e+01
4.337133407592772727e+01
5.200000000000000000e+01
5.913733291625976562e+01
4.897999954223632812e+01
4.993066787719727273e+01
4.987133407592772727e+01
5.141866683959960938e+01
5.162533187866210938e+01
5.115266799926757812e+01
5.359999847412108664e+01
5.333533477783203125e+01
5.722666549682617188e+01
6.116133117675781250e+01
5.996066665649414062e+01
6.006666564941406250e+01
5.558599853515625000e+01
5.332733154296875000e+01
5.191999816894531250e+01
4.526666641235352273e+01
4.453266525268554688e+01
4.957466888427734375e+01
4.970066833496093750e+01
4.996666717529296875e+01
4.830266571044921875e+01
4.689866638183593750e+01
4.053333282470703125e+01
4.302199935913085938e+01
4.228200149536132812e+01
3.736999893188476562e+01
3.644133377075195312e+01
2.967133331298828125e+01
2.868000030517578125e+01
2.408133316040039062e+01
2.850933265686035156e+01
2.850200080871582031e+01
2.895266723632812500e+01
3.366666793823242188e+01
3.595000076293945312e+01
3.521066665649414062e+01
3.429066848754882812e+01
3.347533416748046875e+01
3.493333435058593750e+01
3.210400009155273438e+01
3.029800033569335938e+01
3.200066757202148438e+01
3.441600036621093750e+01
3.636333465576171875e+01
3.658933258056640625e+01
3.820000076293945312e+01
4.339666748046875000e+01
4.732600021362304688e+01
4.865533447265625000e+01
4.968066787719727273e+01
5.025933456420897727e+01
4.975733184814453125e+01
4.578133392333983664e+01
4.880733489990233664e+01
4.704199981689453125e+01
4.834333419799804688e+01
5.325000000000000000e+01
5.127466583251953125e+01
5.336733245849609375e+01
5.212533187866210938e+01
4.675466537475585938e+01
5.074599838256835938e+01
5.121400070190429688e+01
5.217200088500976562e+01
5.200266647338867188e+01
5.462799835205078125e+01
5.408599853515625000e+01
5.396066665649414062e+01
5.273066711425781250e+01
5.355533218383789062e+01
5.327799987792968750e+01
5.424200057983398438e+01
5.386733245849609375e+01
5.437066650390625000e+01
5.517333221435546875e+01
5.445866775512695312e+01
5.459133148193360086e+01
5.468199920654296875e+01
5.372066879272460938e+01
5.566666793823242188e+01
5.987333297729492188e+01
5.877066802978516336e+01
5.886399841308593750e+01
5.762533187866210938e+01
5.904399871826171875e+01
6.332799911499024148e+01
6.271133422851562500e+01
6.833666992187500000e+01
6.485600280761718750e+01
6.235200119018554688e+01
6.605999755859375000e+01
6.547533416748046875e+01
6.611933135986328125e+01
6.693066406250000000e+01
6.672666931152343750e+01
6.628800201416015625e+01
6.678533172607421875e+01
6.405666351318359375e+01
6.573200225830078125e+01
6.398266601562500000e+01
6.729000091552734375e+01
7.198733520507812500e+01
7.464199829101562500e+01
8.057733154296875000e+01
9.143866729736328125e+01
9.265733337402343750e+01
9.105867004394532671e+01
9.295200347900390625e+01
1.029766693115234375e+02
9.980400085449220171e+01
1.011200027465820455e+02
1.030673294067382812e+02
1.000426635742187642e+02
1.000559997558593750e+02
1.095333328247070455e+02
1.045573348999023438e+02
1.061553344726562358e+02
1.008713302612304830e+02
9.446666717529295454e+01
1.026399993896484375e+02
9.843267059326171875e+01
9.994066619873048296e+01
9.916600036621093750e+01
9.538400268554687500e+01
9.900000000000000000e+01
9.913333129882812500e+01
9.900133514404295454e+01
9.930533599853515625e+01
9.684733581542967329e+01
9.457133483886720171e+01
9.162599945068359375e+01
1.036506652832031250e+02
1.080666656494140625e+02
1.100473327636718750e+02
1.223759994506835938e+02
1.258059997558593750e+02
1.252353363037109375e+02
1.334553375244140625e+02
1.366653289794921875e+02
1.342799987792968750e+02
1.348893280029296875e+02
1.435446624755859375e+02
1.492500000000000000e+02
1.475599975585937500e+02
1.661066741943359375e+02
1.583500061035156250e+02
1.491233367919921875e+02
1.356666717529296875e+02
1.394400024414062500e+02
1.100699996948242188e+02
1.220933303833007812e+02
1.237799987792968750e+02
1.242399978637695170e+02
1.398733367919921875e+02
1.499199981689453125e+02
1.472533264160156250e+02
1.411433258056640625e+02
1.473833312988281250e+02
1.497966613769531250e+02
1.414100036621093750e+02
1.267866668701172017e+02
1.292633361816406250e+02
1.357799987792968750e+02
1.403999938964843750e+02
1.396900024414062500e+02
1.430033264160156250e+02
1.493866729736328125e+02
1.383633270263671875e+02
1.418933258056640625e+02
1.379933319091796875e+02
1.417666625976562500e+02
1.419733276367187500e+02
1.446666717529296875e+02
1.474333343505859375e+02
1.488833312988281250e+02
1.537666625976562500e+02
1.496266632080078125e+02
1.465566711425781250e+02
1.436100006103515625e+02
1.406466674804687500e+02
1.408800048828125000e+02
1.419299926757812500e+02
1.402100067138671875e+02
1.400933380126953125e+02
1.415599975585937500e+02
1.353399963378906250e+02
1.369433288574218750e+02
1.293466644287109375e+02
1.335033264160156250e+02
1.413000030517578125e+02
1.403266601562500000e+02
1.460299987792968750e+02
1.433166656494140625e+02
1.404199981689453125e+02
1.367866668701171875e+02
1.390433349609375000e+02
1.372533264160156250e+02
1.361666717529296875e+02
1.360299987792968750e+02
1.472033386230468750e+02
1.622133331298828125e+02
1.664233398437500000e+02
1.632033386230468750e+02
1.739499969482421875e+02
1.851266632080078125e+02
1.913333282470703125e+02
1.952533264160155966e+02
1.891999969482421875e+02
1.949199981689453125e+02
1.896066741943359659e+02
1.977933349609375000e+02
1.996799926757812500e+02
2.139199981689453125e+02
2.166266632080078125e+02
2.014933319091796875e+02
2.090233306884765625e+02
2.033300018310546875e+02
2.132766723632812500e+02
2.110833282470703125e+02
2.075899963378906534e+02
2.186333312988280682e+02
2.316666717529296875e+02
2.166199951171875000e+02
2.134466705322265625e+02
2.153266601562500000e+02
2.205899963378906534e+02
2.212299957275390341e+02
2.219966735839844034e+02
2.315933380126953125e+02
2.352233276367187500e+02
2.432566680908203125e+02
2.450366668701171875e+02
2.519933319091796875e+02
2.720133361816406250e+02
2.933399963378906250e+02
2.703966674804687500e+02
2.831466674804687500e+02
2.848033447265625000e+02
2.816666564941406250e+02
2.753866577148436932e+02
2.815166625976562500e+02
2.834833374023436932e+02
2.816633300781250000e+02
2.822133178710936932e+02
2.936000061035156250e+02
2.943633422851562500e+02
2.880533447265625000e+02
2.784766540527343750e+02
2.645100097656250000e+02
2.799366760253906250e+02
2.909299926757812500e+02
2.848966674804687500e+02
2.833299865722656250e+02
2.840766601562500000e+02
2.878066711425781250e+02
2.831533203125000000e+02
2.682733459472656250e+02
2.705533447265625000e+02
2.720400085449218750e+02
2.654066772460936932e+02
2.660499877929687500e+02
2.624599914550781250e+02
2.604333190917968750e+02
2.381666717529296875e+02
2.329466705322265625e+02
2.473399963378906534e+02
2.274066619873046875e+02
2.251666717529296875e+02
2.394766693115234375e+02
2.288133392333984375e+02
2.177333374023437216e+02
2.071466674804687500e+02
1.993166656494140909e+02
1.876666717529296875e+02
2.245266723632812500e+02
2.226866607666015909e+02
2.331999969482421875e+02
2.312433319091796875e+02
2.359799957275390341e+02
2.256266632080078125e+02
2.339366607666015909e+02
2.177200012207031250e+02
2.182899932861328125e+02
2.233333282470703125e+02
2.207200012207031250e+02
2.100899963378906534e+02
2.134633331298828125e+02
2.062366638183593466e+02
2.037633361816406534e+02
2.118733367919921875e+02
2.226433258056640909e+02
2.205833282470703125e+02
2.303500061035155966e+02
2.305399932861328125e+02
2.236566619873046875e+02
2.279333343505859659e+02
2.256733398437500000e+02
2.339933319091796875e+02
2.541066741943359659e+02
2.440766601562500000e+02
2.462833404541015909e+02
2.465933380126953125e+02
2.382100067138671875e+02
2.396633300781250000e+02
2.480399932861328125e+02
2.398966674804687500e+02
2.431333312988280682e+02
2.460666656494140909e+02
2.349133300781250000e+02
2.314666595458984375e+02
2.256666717529296875e+02
2.364799957275390341e+02
2.283000030517578125e+02
2.245333404541015909e+02
2.236466674804687500e+02
2.211799926757812500e+02
2.241233367919921875e+02
2.096799926757812500e+02
2.057333374023437216e+02
1.966300048828125000e+02
1.905633392333984375e+02
1.965800018310546875e+02
1.922766723632812500e+02
1.926233367919921875e+02
1.878200073242187500e+02
1.955933380126953125e+02
1.936266632080078125e+02
2.021466674804687500e+02
2.015633392333984375e+02
2.063766632080078125e+02
2.102833404541015909e+02
2.084066619873046875e+02
2.079666595458984375e+02
2.017066650390625000e+02
1.909466705322265625e+02
1.996833343505859659e+02
2.017100067138671875e+02
2.011966705322265625e+02
1.995933380126953125e+02
2.033733367919921875e+02
2.032966613769531250e+02
2.058966674804687500e+02
1.997866668701171875e+02
2.016233367919921875e+02
2.055333404541015909e+02
2.077700042724609091e+02
2.069433288574218750e+02
2.079033355712890341e+02
2.188566741943359659e+02
2.266066741943359659e+02
2.239566650390625000e+02
2.295733337402344034e+02
2.269199981689453125e+02
2.265666656494140909e+02
2.259733276367187500e+02
2.263000030517578125e+02
2.198600006103515909e+02
2.148833312988280682e+02
2.176033325195312500e+02
2.189833374023437216e+02
2.285666656494140909e+02
2.228466644287109091e+02
2.177933349609375000e+02
2.168666687011718750e+02
2.147400054931640909e+02
2.154066619873046875e+02
2.201666717529296875e+02
2.184299926757812500e+02
2.164199981689453125e+02
2.144600067138671875e+02
2.192066650390625000e+02
2.149266662597655966e+02
2.156600036621093466e+02
2.257833404541015909e+02
2.290666656494140909e+02
2.365566711425780682e+02
2.365800018310546875e+02
2.369733276367187500e+02
2.382100067138671875e+02
2.330333404541015909e+02
2.379199981689453125e+02
2.366633300781250000e+02
2.359400024414062500e+02
2.407500000000000000e+02
2.390566711425780682e+02
2.287233276367187500e+02
2.219033355712890341e+02
2.296633300781250000e+02
2.244900054931640909e+02
2.267533264160155966e+02
2.354333343505859659e+02
2.361633300781250000e+02
2.370666656494140909e+02
2.337200012207031250e+02
2.373066711425780682e+02
2.436366729736328125e+02
2.452400054931640909e+02
2.446966705322265625e+02
2.441300048828125000e+02
2.445233306884765625e+02
2.509733276367187500e+02
2.512899932861328125e+02
2.516199951171875000e+02
2.454233398437500000e+02
2.476666717529296875e+02
2.481633300781250000e+02
2.519433288574218750e+02
2.523300018310546875e+02
2.531633300781250000e+02
2.433899993896484375e+02
2.464600067138671875e+02
2.506466674804687500e+02
2.512133331298828125e+02
2.581300048828125000e+02
2.637866821289062500e+02
2.591866760253906250e+02
2.604366760253906250e+02
2.584933471679687500e+02
2.584066772460936932e+02
2.605100097656250000e+02
2.601966552734375000e+02
2.609166564941406250e+02
2.645366821289062500e+02
2.618299865722656250e+02
2.639800109863281250e+02
2.685733337402343750e+02
2.703599853515625000e+02
2.727733459472656250e+02
2.810100097656250000e+02
2.900366821289062500e+02
2.880899963378906250e+02
2.886000061035156250e+02
2.980000000000000000e+02
3.032266540527343750e+02
3.416199951171875000e+02
3.394766540527343750e+02
3.459533386230468750e+02
3.590133361816406250e+02
3.713333435058593750e+02
4.028633422851562500e+02
3.906666564941406250e+02
4.046199951171875000e+02
4.099700012207031250e+02
4.073633422851562500e+02
3.876466674804688068e+02
3.411666564941406250e+02
3.559833374023436932e+02
3.545033264160156250e+02
3.444733276367187500e+02
3.377966613769531250e+02
3.515766601562500000e+02
3.630033264160156250e+02
3.654599914550781250e+02
3.790199890136718750e+02
3.856233215332031250e+02
3.696766662597656250e+02
3.720000000000000000e+02
3.606400146484375000e+02
3.789966735839843750e+02
3.815866699218750000e+02
3.650000000000000000e+02
3.615333251953125000e+02
3.383233337402343750e+02
3.363366699218750000e+02
3.505833435058593750e+02
3.563200073242187500e+02
3.346000061035156250e+02
3.390100097656250000e+02
3.221366577148436932e+02
3.195033264160156250e+02
3.253299865722656250e+02
3.089733276367187500e+02
3.108566589355468750e+02
2.999800109863281250e+02
3.128433227539062500e+02
3.362900085449218750e+02
3.556666564941406250e+02
3.646466674804688068e+02
3.628233337402343750e+02
3.620633239746093750e+02
3.567799987792968750e+02
3.522600097656250000e+02
3.999266662597656250e+02
3.831966552734375000e+02
3.627066650390625000e+02
3.548999938964843750e+02
3.423200073242187500e+02
3.527066650390625000e+02
3.547999877929687500e+02
3.687399902343750000e+02
3.438533325195312500e+02
3.498699951171875000e+02
3.435033264160156250e+02
3.318833312988281250e+02
3.320899963378906250e+02
3.146333312988281250e+02
3.100000000000000000e+02
3.061333312988281250e+02
3.124700012207031250e+02
2.763666687011718750e+02
2.821166687011718750e+02
3.122399902343750000e+02
3.104166564941406250e+02
3.018866577148436932e+02
2.970466613769531250e+02
3.077733459472656250e+02
3.024466552734375000e+02
3.073333435058593750e+02
3.106666564941406250e+02
3.015166625976562500e+02
2.866666564941406250e+02
2.919200134277343750e+02
3.074766540527343750e+02
3.077966613769531250e+02
2.921166687011718750e+02
2.856600036621093750e+02
2.738433227539062500e+02
2.546799926757812500e+02
2.669233398437500000e+02
2.699566650390625000e+02
2.901433410644531250e+02
2.881233215332031250e+02
2.932966613769531250e+02
2.797633361816406250e+02
2.794299926757812500e+02
2.681933288574218750e+02
2.747999877929687500e+02
2.863233337402343750e+02
2.794333190917968750e+02
2.651166687011718750e+02
2.554566650390625000e+02
2.672966613769531250e+02
2.800766601562500000e+02
2.905333251953125000e+02
3.017966613769531250e+02
3.070533447265625000e+02
3.313266601562500000e+02
3.330366821289062500e+02
3.379733276367187500e+02
3.368800048828125000e+02
3.639466552734375000e+02
3.665233459472656250e+02
3.646633300781250000e+02
3.592000122070312500e+02
3.615299987792968750e+02
3.818166809082031250e+02
3.637533264160156250e+02
3.485866699218750000e+02
3.524200134277343750e+02
3.418299865722656250e+02
3.253099975585936932e+02
3.289833374023436932e+02
3.407900085449218750e+02
3.283333435058593750e+02
3.347633361816406250e+02
3.427166748046875000e+02
3.257333374023436932e+02
3.362600097656250000e+02
3.350166625976562500e+02
3.326733398437500000e+02
2.921400146484375000e+02
2.938366699218750000e+02
2.925033264160156250e+02
2.902533264160156250e+02
3.009800109863281250e+02
3.030833435058593750e+02
3.175400085449218750e+02
2.910933227539062500e+02
2.885499877929687500e+02
2.623699951171875000e+02
2.666799926757812500e+02
2.446666717529296875e+02
2.426666717529296875e+02
2.565299987792968750e+02
2.414566650390625000e+02
2.538699951171875000e+02
2.366033325195312500e+02
2.364733276367187500e+02
2.213000030517578125e+02
2.249666595458984375e+02
2.093866729736328125e+02
2.196000061035155966e+02
2.359100036621093466e+02
2.532100067138671875e+02
2.527533264160155966e+02
2.467899932861328125e+02
2.583333435058593750e+02
2.345166625976562500e+02
2.382799987792968750e+02
2.388866729736328125e+02
2.418666687011718750e+02
2.397066650390625000e+02
2.322299957275390341e+02
2.157366638183593466e+02
2.208899993896484375e+02
2.330000000000000000e+02
2.131000061035155966e+02
2.167599945068359659e+02
2.370366668701171875e+02
2.360866699218750000e+02
2.350700073242187500e+02
2.457066650390625000e+02
2.449199981689453125e+02
2.326633300781250000e+02
2.284900054931640909e+02
2.244733276367187500e+02
2.272633361816406534e+02
2.330666656494140909e+02
2.317333374023437216e+02
2.445433349609375000e+02
2.507633361816406534e+02
2.343433380126953125e+02
2.330700073242187500e+02
2.370399932861328125e+02
2.383133392333984375e+02
2.400666656494140909e+02
2.405466613769531250e+02
2.455299987792968750e+02
2.475000000000000000e+02
2.717066650390625000e+02
2.722433471679687500e+02
2.684333190917968750e+02
2.588599853515625000e+02
2.748200073242187500e+02
2.808999938964843750e+02
2.971499938964843750e+02
2.972766723632812500e+02
3.005866699218750000e+02
3.073966674804687500e+02
3.086333312988281250e+02
2.881700134277343750e+02
2.904233398437500000e+02
2.833333435058593750e+02
2.943566589355468750e+02
2.866300048828125000e+02
3.000299987792968750e+02
3.093200073242187500e+02
3.065633239746093750e+02
3.039966735839843750e+02
3.028699951171875000e+02
2.966666564941406250e+02
2.899133300781250000e+02
2.964533386230468750e+02
2.970966796875000000e+02
2.960700073242187500e+02
2.880899963378906250e+02
2.848200073242187500e+02
2.777000122070312500e+02
2.756099853515625000e+02
2.771600036621093750e+02
2.702099914550781250e+02
2.744200134277343750e+02
2.837000122070312500e+02
2.892600097656250000e+02
2.996799926757812500e+02
3.044200134277343750e+02
2.921300048828125000e+02
3.026099853515625000e+02
3.037500000000000000e+02
3.033500061035156250e+02
3.090700073242187500e+02
3.087300109863281250e+02
3.007999877929687500e+02
2.885899963378906250e+02
2.753299865722656250e+02
2.760100097656250000e+02
2.829400024414062500e+02
2.878099975585936932e+02
2.682099914550781250e+02
2.652500000000000000e+02
2.423999938964844034e+02
2.494400024414062500e+02
2.408099975585937216e+02
2.381300048828125000e+02
2.230700073242187500e+02
2.229600067138671875e+02
2.165000000000000000e+02
2.172400054931640909e+02
2.217200012207031250e+02
2.049900054931640909e+02
2.193500061035155966e+02
2.201900024414062500e+02
2.220399932861328125e+02
2.072799987792968750e+02
2.144400024414062500e+02
2.112500000000000000e+02
2.224199981689453125e+02
2.246399993896484375e+02
2.250899963378906534e+02
2.285200042724609091e+02
2.275399932861328125e+02
2.278200073242187500e+02
2.149799957275390341e+02
2.153099975585937216e+02
2.074700012207031250e+02
1.970800018310546875e+02
1.913000030517578125e+02
1.775899963378906250e+02
1.907200012207031250e+02
1.959700012207031250e+02
1.909499969482421875e+02
1.944199981689453125e+02
1.869199981689453125e+02
1.831699981689453125e+02
1.801900024414062500e+02
1.678699951171875000e+02
1.699100036621093750e+02
1.831999969482421875e+02
1.828600006103515909e+02
1.829199981689453125e+02
1.808300018310546875e+02
1.946999969482421875e+02
1.946999969482421875e+02
1.948600006103515909e+02
1.824499969482421875e+02
1.798200073242187500e+02
1.740399932861328125e+02
1.734400024414062500e+02
1.790500030517578125e+02
1.678200073242187500e+02
1.609499969482421875e+02
1.568000030517578125e+02
1.576699981689453125e+02
1.502299957275390625e+02
1.498699951171875000e+02
1.378000030517578125e+02
1.375700073242187500e+02
1.253499984741210938e+02
1.231500015258789062e+02
1.090999984741210938e+02
1.127099990844726562e+02
1.218199996948242188e+02
1.231800003051757812e+02
1.080999984741210938e+02
1.136399993896484375e+02
1.103399963378906250e+02
1.130599975585937642e+02
1.197699966430664062e+02
1.188499984741210938e+02
1.232200012207031250e+02
1.235599975585937642e+02
1.224000015258789062e+02
1.314900054931640625e+02
1.287799987792968750e+02
1.271699981689453267e+02
1.334199981689453125e+02
1.437500000000000000e+02
1.438899993896484375e+02
1.444299926757812500e+02
1.602700042724609375e+02
1.778999938964843750e+02
1.666600036621093750e+02
1.732200012207031250e+02
1.814100036621093466e+02
1.882700042724609091e+02
1.899799957275390341e+02
1.947599945068359659e+02
1.968099975585937216e+02
2.012899932861328125e+02
2.073200073242187500e+02
1.968899993896484375e+02
1.946399993896484375e+02
2.092500000000000000e+02
2.142400054931640909e+02
2.020399932861328125e+02
2.083099975585937216e+02
1.973699951171875000e+02
2.008600006103515909e+02
2.020700073242187500e+02
1.968800048828125000e+02
2.076300048828125000e+02
2.057100067138671875e+02
2.027700042724609091e+02
1.908999938964844034e+02
1.977899932861328125e+02
1.938099975585937216e+02
1.877100067138671875e+02
1.820000000000000000e+02
1.729199981689453125e+02
1.734400024414062500e+02
1.744799957275390625e+02
1.832599945068359659e+02
1.804499969482421875e+02
1.841300048828125000e+02
1.801300048828125000e+02
1.832500000000000000e+02
1.975800018310546875e+02
1.911499938964844034e+02
1.922200012207031250e+02
1.904100036621093466e+02
1.918099975585937216e+02
1.891900024414062500e+02
1.938800048828125000e+02
1.952799987792968750e+02
2.074600067138671875e+02
1.947700042724609091e+02
1.925800018310546875e+02
1.855200042724609091e+02
1.850599975585937216e+02
1.845099945068359659e+02
1.867899932861328125e+02
1.805399932861328125e+02
1.858999938964844034e+02
1.850000000000000000e+02
1.870399932861328125e+02
1.843099975585937216e+02
1.805899963378906534e+02
1.629900054931640625e+02
1.650800018310546875e+02
1.625500030517578125e+02
1.606699981689453125e+02
1.537500000000000000e+02
1.601900024414062500e+02
1.643099975585937500e+02
1.618300018310546875e+02
1.603099975585937500e+02
1.606100006103515625e+02
1.611999969482421875e+02
1.700599975585937500e+02
1.717899932861328125e+02
1.691499938964843750e+02
1.685399932861328125e+02
1.720800018310546875e+02
1.679799957275390625e+02
1.663500061035156250e+02
1.665200042724609375e+02
1.738600006103515625e+02
1.768899993896484375e+02
1.801399993896484375e+02
1.888699951171875000e+02
1.857700042724609091e+02
1.828999938964844034e+02
1.844700012207031250e+02
1.931699981689453125e+02
2.011600036621093466e+02
2.039299926757812500e+02
2.075200042724609091e+02
2.139700012207031250e+02
2.176100006103515909e+02
2.213099975585937216e+02
2.245700073242187500e+02
2.348600006103515909e+02
2.443999938964844034e+02
2.498300018310546875e+02
2.587099914550781250e+02
2.567900085449218750e+02
2.558999938964844034e+02
2.605400085449218750e+02
2.744500122070312500e+02
2.594599914550781250e+02
2.646099853515625000e+02
2.566000061035156250e+02
2.410500030517578125e+02
2.502100067138671875e+02
2.562399902343750000e+02
2.575000000000000000e+02
2.617699890136718750e+02
2.798200073242187500e+02
2.824800109863281250e+02
2.765400085449218750e+02
2.744299926757812500e+02
2.696099853515625000e+02
2.697900085449218750e+02
2.719899902343750000e+02
2.778999938964843750e+02
2.813800048828125000e+02
2.903800048828125000e+02
2.933399963378906250e+02
2.912600097656250000e+02
2.628999938964843750e+02
2.600199890136718750e+02
2.690599975585936932e+02
2.652799987792968750e+02
2.643500061035156250e+02
2.557100067138671875e+02
2.664400024414062500e+02
2.674299926757812500e+02
2.610700073242187500e+02
2.541100006103515909e+02
2.593200073242187500e+02
2.538600006103515909e+02
2.514499969482421875e+02
2.496999969482421875e+02
2.421900024414062500e+02
2.453399963378906534e+02
2.426499938964844034e+02
2.397599945068359659e+02
2.329600067138671875e+02
2.256000061035155966e+02
2.192200012207031250e+02
2.154900054931640909e+02
2.312799987792968750e+02
2.331900024414062500e+02
2.368600006103515909e+02
2.300399932861328125e+02
2.385899963378906534e+02
2.388200073242187500e+02
2.571799926757812500e+02
2.568999938964843750e+02
2.580799865722656250e+02
2.450099945068359659e+02
2.564899902343750000e+02
2.519199981689453125e+02
2.514900054931640909e+02
2.485000000000000000e+02
2.735799865722656250e+02
2.674800109863281250e+02
2.712999877929687500e+02
2.760400085449218750e+02
2.743900146484375000e+02
2.652799987792968750e+02
2.665000000000000000e+02
2.625899963378906250e+02
2.556999969482421875e+02
2.448800048828125000e+02
2.469900054931640909e+02
2.441199951171875000e+02
2.405000000000000000e+02
2.463800048828125000e+02
2.502200012207031250e+02
2.516000061035155966e+02
2.465299987792968750e+02
2.611600036621093750e+02
2.600499877929687500e+02
2.605299987792968750e+02
2.596700134277343750e+02
2.636199951171875000e+02
2.629899902343750000e+02
2.588699951171875000e+02
2.511199951171875000e+02
2.539199981689453125e+02
2.548500061035155966e+02
2.426799926757812500e+02
2.201100006103515909e+02
2.119900054931640909e+02
2.120800018310546875e+02
2.165200042724609091e+02
2.124199981689453125e+02
2.057599945068359659e+02
2.073000030517578125e+02
1.973600006103515909e+02
2.008399963378906534e+02
2.056600036621093466e+02
2.185099945068359659e+02
2.199600067138671875e+02
2.192700042724609091e+02
2.221799926757812500e+02
2.221100006103515909e+02
2.099799957275390341e+02
2.146499938964844034e+02
2.237100067138671875e+02
2.374100036621093466e+02
2.428399963378906534e+02
2.335899963378906534e+02
2.343000030517578125e+02
2.356000061035155966e+02
2.411999969482421875e+02
2.342100067138671875e+02
2.354499969482421875e+02
2.360800018310546875e+02
2.467200012207031250e+02
2.441399993896484375e+02
2.400800018310546875e+02
2.388300018310546875e+02
2.355800018310546875e+02
2.387200012207031250e+02
2.393699951171875000e+02
2.426399993896484375e+02
2.438399963378906534e+02
2.397400054931640909e+02
2.370099945068359659e+02
2.392899932861328125e+02
2.510500030517578125e+02
2.535000000000000000e+02
2.520800018310546875e+02
2.572200012207031250e+02
2.471399993896484375e+02
2.545000000000000000e+02
2.525399932861328125e+02
2.566099853515625000e+02
2.614400024414062500e+02
2.531799926757812500e+02
2.484799957275390341e+02
2.484199981689453125e+02
2.384499969482421875e+02
2.379299926757812500e+02
2.374900054931640909e+02
2.404499969482421875e+02
2.349600067138671875e+02
2.339400024414062500e+02
2.272200012207031250e+02
2.188899993896484375e+02
2.199100036621093466e+02
2.155500030517578125e+02
2.118800048828125000e+02
2.121900024414062500e+02
2.088000030517578125e+02
2.091399993896484375e+02
2.078300018310546875e+02
1.826300048828125000e+02
1.832500000000000000e+02
1.909299926757812500e+02
1.915899963378906534e+02
1.872899932861328125e+02
1.888600006103515909e+02
1.879100036621093466e+02
1.810599975585937216e+02
1.851000061035155966e+02
1.875800018310546875e+02
1.895599975585937216e+02
1.935700073242187500e+02
1.881300048828125000e+02
1.840200042724609091e+02
1.887100067138671875e+02
2.004499969482421875e+02
1.999499969482421875e+02
1.937599945068359659e+02
1.947700042724609091e+02
1.974100036621093466e+02
1.919700012207031250e+02
1.993999938964844034e+02
1.997299957275390341e+02
2.020399932861328125e+02
2.018800048828125000e+02
2.026399993896484375e+02
1.881399993896484375e+02
1.807400054931640909e+02
1.765399932861328125e+02
1.786499938964843750e+02
1.753399963378906250e+02
1.777700042724609375e+02
1.775399932861328125e+02
1.694799957275390625e+02
1.625000000000000000e+02
1.635700073242187500e+02
1.738000030517578125e+02
1.713200073242187500e+02
1.756600036621093750e+02
1.728200073242187500e+02
1.708300018310546875e+02
1.726300048828125000e+02
1.776699981689453125e+02
1.798300018310546875e+02
1.757899932861328125e+02
1.752200012207031250e+02
1.666300048828125000e+02
1.683800048828125000e+02
1.711100006103515625e+02
1.648999938964843750e+02
1.729799957275390625e+02
1.768800048828125000e+02
1.717599945068359375e+02
1.746000061035156250e+02
1.710500030517578125e+02
1.614799957275390625e+02
1.571100006103515625e+02
1.554499969482421875e+02
1.499299926757812500e+02
1.470500030517578125e+02
1.420500030517578125e+02
1.446799926757812500e+02
1.621300048828125000e+02
1.701799926757812500e+02
1.682899932861328125e+02
1.940500030517578125e+02
1.832799987792968750e+02
1.799900054931640625e+02
1.800099945068359375e+02
1.811900024414062500e+02
1.847599945068359659e+02
1.778099975585937500e+02
1.747200012207031250e+02
1.719700012207031250e+02
1.684700012207031250e+02
1.718899993896484375e+02
1.775500030517578125e+02
1.739900054931640625e+02
1.748399963378906250e+02
1.774600067138671875e+02
1.749499969482421875e+02
1.866000061035155966e+02
1.801100006103515625e+02
1.737400054931640625e+02
1.792400054931640625e+02
1.767500000000000000e+02
1.761900024414062500e+02
1.787899932861328125e+02
1.780800018310546875e+02
1.762899932861328125e+02
1.747700042724609375e+02
1.750000000000000000e+02
1.779400024414062500e+02
1.774799957275390625e+02
1.737899932861328125e+02
1.706600036621093750e+02
1.772899932861328125e+02
1.824700012207031250e+02
1.780099945068359375e+02
1.874400024414062500e+02
1.848600006103515909e+02
1.815700073242187500e+02
1.830099945068359659e+02
1.825800018310546875e+02
1.873500061035155966e+02
1.963699951171875000e+02
1.974199981689453125e+02
1.978800048828125000e+02
2.098600006103515909e+02
2.312599945068359659e+02
2.463899993896484375e+02
2.515200042724609091e+02
2.529400024414062500e+02
2.623299865722656250e+02
2.632600097656250000e+02
2.410299987792968750e+02
2.482299957275390341e+02
2.526399993896484375e+02
2.565599975585936932e+02
2.485000000000000000e+02
2.492299957275390341e+02
2.391999969482421875e+02
2.515099945068359659e+02
2.463800048828125000e+02
2.159900054931640909e+02
2.202500000000000000e+02
2.198000030517578125e+02
2.321000061035155966e+02
2.226199951171875000e+02
2.320700073242187500e+02
2.168600006103515909e+02
2.076699981689453125e+02
1.988800048828125000e+02
2.006399993896484375e+02
1.917599945068359659e+02
1.988399963378906534e+02
2.000000000000000000e+02
1.974900054931640909e+02
2.078300018310546875e+02
2.013800048828125000e+02
2.141399993896484375e+02
2.161199951171875000e+02
2.227200012207031250e+02
2.211000061035155966e+02
2.232700042724609091e+02
2.106600036621093466e+02
2.203200073242187500e+02
2.132100067138671875e+02
2.092100067138671875e+02
2.057500000000000000e+02
2.062799987792968750e+02
2.141100006103515909e+02
2.106000061035155966e+02
2.194100036621093466e+02
2.301699981689453125e+02
2.107299957275390341e+02
2.162700042724609091e+02
2.261699981689453125e+02
2.281300048828125000e+02
2.298099975585937216e+02
2.302899932861328125e+02
2.267799987792968750e+02
2.278699951171875000e+02
2.271999969482421875e+02
2.439199981689453125e+02
2.382500000000000000e+02
2.500000000000000000e+02
2.542700042724609091e+02
2.570199890136718750e+02
2.542200012207031250e+02
2.604599914550781250e+02
2.616300048828125000e+02
2.580199890136718750e+02
2.490200042724609091e+02
2.406600036621093466e+02
2.500800018310546875e+02
2.408300018310546875e+02
2.445000000000000000e+02
2.410500030517578125e+02
2.387700042724609091e+02
2.178000030517578125e+02
2.191600036621093466e+02
2.195700073242187500e+02
2.213300018310546875e+02
2.208899993896484375e+02
2.206999969482421875e+02
2.188500061035155966e+02
2.179700012207031250e+02
2.136499938964844034e+02
2.604800109863281250e+02
2.691900024414062500e+02
2.625100097656250000e+02
2.595199890136718750e+02
2.575499877929687500e+02
2.498500061035155966e+02
2.489799957275390341e+02
2.428399963378906534e+02
2.514400024414062500e+02
2.885299987792968750e+02
2.969100036621093750e+02
3.212200012207031250e+02
3.500000000000000000e+02
3.284899902343750000e+02
3.302399902343750000e+02
3.111799926757812500e+02
3.207200012207031250e+02
3.387399902343750000e+02
3.460000000000000000e+02
3.420299987792968750e+02
3.396400146484375000e+02
3.525599975585936932e+02
3.385899963378906250e+02
3.382300109863281250e+02
3.328900146484375000e+02
3.451600036621093750e+02
3.570899963378906250e+02
3.514200134277343750e+02
3.579299926757812500e+02
3.694899902343750000e+02
3.892200012207031250e+02
3.897900085449218750e+02
4.009899902343750000e+02
4.247699890136718750e+02
4.181000061035156250e+02
4.362300109863281250e+02
4.630199890136718750e+02
4.798599853515625000e+02
4.401300048828125000e+02
4.361700134277343750e+02
4.210599975585937500e+02
4.306000061035156250e+02
4.622799987792968750e+02
4.541300048828125000e+02
4.316600036621093750e+02
4.174100036621093750e+02
4.038399963378906250e+02
3.792799987792968750e+02
4.104400024414063068e+02
4.110499877929688068e+02
3.943599853515625000e+02
3.949400024414063068e+02
3.947399902343750000e+02
4.033099975585937500e+02
3.963599853515625000e+02
4.282200012207031250e+02
4.138200073242188068e+02
4.265000000000000000e+02
4.240700073242188068e+02
4.151099853515625000e+02
4.123800048828125000e+02
4.065799865722656250e+02
3.971499938964843750e+02
3.980899963378906250e+02
3.891000061035156250e+02
4.002799987792968750e+02
4.046000061035156250e+02
3.836799926757813068e+02
3.922099914550781250e+02
3.781700134277343750e+02
3.743200073242188068e+02
3.616199951171875000e+02
3.507300109863281250e+02
3.285000000000000000e+02
3.365100097656250000e+02
3.559400024414062500e+02
3.558399963378906250e+02
3.541099853515625000e+02
3.605599975585937500e+02
3.543999938964843750e+02
3.377999877929687500e+02
3.305299987792968750e+02
3.027999877929687500e+02
2.907999877929687500e+02
2.819500122070312500e+02
2.929800109863281250e+02
2.846499938964843750e+02
2.720400085449218750e+02
2.791000061035156250e+02
2.634500122070312500e+02
2.626700134277343750e+02
2.221499938964844034e+02
2.305800018310546875e+02
2.480899963378906534e+02
2.406799926757812500e+02
2.499799957275390341e+02
2.380099945068359659e+02
2.253099975585937216e+02
2.358600006103515909e+02
2.362599945068359659e+02
2.487100067138671875e+02
2.783900146484375000e+02
2.881400146484375000e+02
2.720599975585936932e+02
2.731300048828125000e+02
2.635499877929687500e+02
2.591600036621093750e+02
2.684599914550781250e+02
2.827600097656250000e+02
2.672799987792968750e+02
2.394299926757812500e+02
2.332899932861328125e+02
2.218600006103515909e+02
2.722000122070312500e+02
2.523999938964844034e+02
2.523099975585937216e+02
2.523500061035155966e+02
2.541100006103515909e+02
2.415500030517578125e+02
2.413699951171875000e+02
2.275000000000000000e+02
2.379700012207031250e+02
2.507400054931640909e+02
2.595100097656250000e+02
2.849500122070312500e+02
2.858800048828125000e+02
2.920299987792968750e+02
2.821600036621093750e+02
2.805199890136718750e+02
2.872099914550781250e+02
2.802600097656250000e+02
2.753500061035156250e+02
2.762200012207031250e+02
2.848200073242187500e+02
2.982600097656250000e+02
3.183800048828125000e+02
3.340700073242187500e+02
3.476799926757812500e+02
3.428200073242187500e+02
3.499800109863281250e+02
3.420899963378906250e+02
3.438200073242187500e+02
3.346199951171875000e+02
3.410400085449218750e+02
3.393399963378906250e+02
3.628900146484375000e+02
3.568999938964843750e+02
3.584299926757812500e+02
3.464599914550781250e+02
3.426900024414062500e+02
3.442699890136718750e+02
3.320499877929687500e+02
2.847000122070312500e+02
2.951400146484375000e+02
3.085799865722656250e+02
3.260899963378906250e+02
3.264299926757812500e+02
3.191099853515625000e+02
3.253099975585936932e+02
3.291300048828125000e+02
3.163500061035156250e+02
3.220499877929687500e+02
3.221600036621093750e+02
3.486799926757812500e+02
3.404700012207031250e+02
3.275499877929687500e+02
3.257799987792968750e+02
3.236300048828125000e+02
3.176600036621093750e+02
3.007099914550781250e+02
3.156499938964843750e+02
3.153500061035156250e+02
2.939400024414062500e+02
2.978099975585936932e+02
2.958800048828125000e+02
3.098699951171875000e+02
3.135100097656250000e+02
3.168999938964843750e+02
3.107799987792968750e+02
3.216700134277343750e+02
3.194100036621093750e+02
3.296499938964843750e+02
3.284899902343750000e+02
3.321099853515625000e+02
3.325599975585936932e+02
3.052999877929687500e+02
3.160599975585936932e+02
3.255899963378906250e+02
3.212000122070312500e+02
3.190400085449218750e+02
3.082699890136718750e+02
3.026300048828125000e+02
3.092600097656250000e+02
3.087200012207031250e+02
3.199100036621093750e+02
3.222699890136718750e+02
3.296499938964843750e+02
3.390299987792968750e+02
3.408399963378906250e+02
3.393800048828125000e+02
3.355799865722656250e+02
3.305599975585936932e+02
3.351600036621093750e+02
3.293099975585936932e+02
3.238999938964843750e+02
3.201099853515625000e+02
3.400100097656250000e+02
3.466000061035156250e+02
3.516700134277343750e+02
3.496000061035156250e+02
3.459800109863281250e+02
3.338699951171875000e+02
3.293599853515625000e+02
3.340899963378906250e+02
3.385299987792968750e+02
3.508399963378906250e+02
3.463999938964843750e+02
3.469700012207031250e+02
3.477900085449218750e+02
3.688099975585937500e+02
3.959400024414063068e+02
4.100400085449218750e+02
4.216199951171875000e+02
4.258599853515625000e+02
4.168500061035156250e+02
4.260700073242188068e+02
4.342099914550781250e+02
4.258500061035156250e+02
4.427900085449218750e+02
4.233900146484375000e+02
4.403999938964843750e+02
4.432099914550781250e+02
4.447200012207031250e+02
4.594599914550781250e+02
4.360000000000000000e+02
4.298299865722656250e+02
